11.19
14.03
17.73
15.16
20.96
19.85
20.65
20.51
21.04
28.43
25.39
25.74
25.36
24.41
28.6
33.33
29.79
37.07
36.4
34.29
33.03
36.84
32.99
41.11
34.46
37.17
26.75
25.46
40.26
39.02
41.15
43.17
40.69
38.48
37.79
39.65
31.73
42.0
44.03
38.4
31.05
42.41
46.74
37.66
37.74
37.23
41.87
44.66
41.34
39.78
40.41
41.52
40.65
39.77
43.42
44.64
46.26
41.79
40.23
35.76
38.85
44.57
41.82
43.23
35.9
41.11
44.16
45.64
44.23
44.53
40.66
45.71
32.98
46.52
40.8
40.23
44.34
44.8
45.92
47.03
46.67
39.71
42.57
43.9
42.1
42.36
46.47
44.72
47.07
46.13
47.07
43.02
45.85
47.84
45.0
40.88
46.06
47.45
45.59
47.86
44.23
37.81
45.16
46.01
47.78
45.48
41.98
46.09
47.42
43.85
46.66
44.41
38.23
47.62
46.56
43.81
48.36
45.53
47.95
44.71
40.48
44.5
41.3
43.85
48.73
49.05
48.05
48.18
47.33
47.44
49.51
44.03
40.08
48.32
49.01
38.94
39.59
45.4
45.48
46.03
38.7
49.02
48.2
48.05
49.58
43.79
43.59
45.75
48.13
45.56
47.8
48.29
43.12
42.63
43.41
44.09
49.34
46.82
45.71
47.96
47.32
43.27
48.04
43.4
47.95
43.04
43.61
47.08
48.51
38.17
48.49
47.16
45.42
44.49
39.95
45.26
46.68
48.95
44.44
49.09
41.52
46.5
48.13
42.22
47.35
48.14
46.22
47.78
46.45
46.66
43.72
41.58
46.47
47.17
42.7
47.37
47.97
47.03
44.06
46.99
45.84
45.71
48.75
48.17
45.09
43.73
45.89
40.67
48.48
45.88
44.0
47.56
44.82
48.32
47.52
43.49
47.59
45.2
45.97
46.23
47.75
45.8
49.1
46.09
46.04
45.33
46.67
48.44
47.31
42.79
45.06
47.9
47.48
47.68
49.38
48.75
45.72
49.13
40.68
42.32
45.88
46.95
46.72
48.75
46.31
46.86
49.46
47.06
48.07
46.48
48.63
45.26
42.65
47.92
46.76
45.74
45.31
47.39
47.71
47.5
43.73
48.48
47.37
44.69
46.36
47.87
47.16
47.52
45.26
41.98
47.79
49.78
47.41
45.77
50.37
49.07
46.51
46.71
48.79
48.21
43.63
42.96
47.29
47.97
47.31
47.45
47.02
44.16
49.28
46.47
45.13
45.74
48.97
43.85
45.73
44.41
46.96
48.91
46.6
49.91
