9.74
20.35
13.21
33.21
25.21
59.13
32.94
38.04
57.87
56.85
47.35
58.81
50.34
58.28
65.29
74.27
74.48
69.2
74.72
86.91
76.85
73.11
76.33
76.98
81.75
74.53
76.53
74.97
60.1
66.25
86.13
85.98
84.55
84.55
82.86
82.09
90.44
89.52
90.49
86.15
92.95
92.6
92.29
89.84
92.88
93.25
91.74
91.41
90.43
83.91
89.33
91.88
90.78
89.62
90.32
91.5
93.64
87.38
92.13
91.24
93.08
92.43
91.06
87.77
89.42
92.26
89.73
91.35
93.31
91.71
93.96
91.93
92.07
93.81
93.74
92.8
91.11
91.05
93.95
94.79
93.4
94.98
95.38
95.65
94.53
92.85
94.46
94.16
95.02
94.91
95.21
94.79
93.44
94.0
96.04
91.4
93.46
95.95
95.62
95.46
91.29
89.61
93.06
94.66
95.39
94.2
89.54
93.18
95.35
95.9
95.78
95.66
96.25
95.84
94.71
95.08
95.5
94.61
96.02
95.8
95.87
95.93
96.0
95.78
96.53
96.47
96.1
92.17
96.26
96.11
95.97
95.87
95.88
96.59
96.45
96.01
96.54
96.39
96.8
96.65
95.17
95.62
96.33
95.75
95.01
95.31
96.55
96.91
96.75
97.15
96.93
96.74
95.95
96.87
96.62
96.79
96.79
97.11
97.02
96.85
96.48
96.76
96.76
96.45
97.18
96.4
96.75
96.99
96.95
94.51
95.23
96.63
96.48
96.68
97.4
97.15
97.07
94.12
96.83
96.34
96.47
97.07
96.44
96.55
96.97
97.1
97.37
96.84
96.24
96.88
97.19
96.45
97.11
97.42
96.64
97.28
97.57
97.34
97.49
96.79
97.2
97.45
94.0
94.91
95.85
96.89
97.54
96.64
97.44
95.76
95.94
97.22
97.57
97.18
97.43
97.47
97.75
96.84
95.88
97.57
97.33
97.25
97.33
97.26
94.31
97.49
97.55
97.21
97.28
97.15
97.09
97.77
97.27
96.78
96.89
96.31
96.88
97.22
96.79
97.45
97.26
97.26
97.38
97.72
97.94
96.86
97.54
97.51
96.91
97.57
97.76
96.91
96.67
97.44
96.99
96.85
97.16
97.18
97.59
97.24
97.38
97.62
97.15
97.52
97.52
97.57
97.32
97.4
98.01
97.9
97.52
96.53
96.14
97.24
96.82
96.29
98.01
97.97
97.48
97.26
97.38
97.42
96.83
97.46
96.45
97.82
97.6
97.82
97.78
97.32
97.56
97.64
96.93
97.6
97.6
97.85
98.03
97.85
96.98
95.29
