85.62
92.37
93.89
94.86
95.3
95.82
96.17
96.24
96.52
96.78
97.04
97.06
97.18
97.25
97.3
97.23
97.37
97.5
97.58
97.53
97.52
97.73
97.73
97.73
97.73
97.77
97.8
97.88
97.87
97.98
97.93
98.06
98.12
98.08
98.11
98.09
98.1
98.27
98.3
98.17
98.23
98.26
98.4
98.3
98.35
98.3
98.34
98.35
98.44
98.35
98.49
98.44
98.41
98.51
98.53
98.52
98.49
98.5
98.49
98.45
98.53
98.62
98.46
98.52
98.61
98.54
98.64
98.59
98.62
98.6
98.66
98.58
98.73
98.7
98.61
98.68
98.66
98.66
98.73
98.73
98.6
98.7
98.83
98.75
98.78
98.71
98.8
98.82
98.74
98.75
98.81
98.78
98.83
98.82
98.78
98.71
98.8
98.78
98.75
98.78
98.81
98.82
98.85
98.77
98.81
98.79
98.82
98.89
98.86
98.82
98.84
98.88
98.9
98.87
98.86
98.89
98.83
98.76
98.83
98.77
98.88
98.89
98.8
98.88
98.85
98.85
98.8
98.88
98.86
98.78
98.81
98.86
98.86
98.86
98.86
98.85
98.92
98.87
98.89
98.89
98.95
98.85
98.93
98.9
98.88
98.92
98.92
98.77
98.89
98.91
98.82
98.91
98.82
98.87
98.94
98.96
98.96
98.94
98.91
99.0
98.92
98.96
98.92
98.91
98.95
98.88
98.84
98.96
98.9
98.95
98.91
98.97
98.89
99.0
98.9
98.87
98.92
99.0
98.93
98.95
98.99
98.99
98.91
98.95
98.93
98.88
98.98
98.97
98.97
98.97
98.99
99.02
98.97
98.99
98.97
98.97
98.95
99.02
98.97
98.97
99.0
98.98
98.96
98.91
98.92
99.0
99.0
98.93
98.98
98.92
98.99
98.93
98.99
98.99
98.97
98.93
99.03
99.01
98.99
99.03
99.05
99.08
99.02
99.04
99.02
98.98
98.96
98.91
99.01
98.99
99.0
99.05
98.98
98.98
99.01
98.99
99.02
99.0
98.95
99.04
99.06
99.04
98.97
98.98
99.02
99.0
99.07
98.99
98.99
99.03
98.96
98.95
98.99
98.96
98.98
99.03
99.0
98.94
98.98
98.93
98.99
99.03
99.04
99.01
99.05
99.03
99.07
99.01
99.06
99.01
99.02
99.07
98.98
99.0
99.03
98.95
98.99
99.03
99.03
98.99
99.06
98.99
99.0
99.05
99.12
99.11
99.09
99.07
99.08
99.06
99.08
99.09
99.05
99.06
99.06
99.12
99.04
99.05
99.03
99.05
