0.6431504323959351
0.296580230653286
0.21197909724116326
0.17350561891198157
0.15204986892342567
0.13528477338850498
0.12369750511646271
0.11739663053154946
0.10953964272588491
0.10225839507207274
0.09640632033981383
0.09329496120810508
0.09141271116062999
0.08618362676389515
0.08482915699165315
0.0837739008417353
0.08109704384058714
0.07986895877160131
0.07799940633233636
0.07521789790894837
0.07648543179752305
0.07252346134958788
0.07021033309171908
0.06991012583635747
0.06773873414192348
0.06899897035569884
0.06886328949504532
0.0658781887401361
0.06386604754836299
0.06853132229913027
0.06303921365300194
0.062008726301882415
0.060169686005963015
0.05913394519444555
0.05839093323452398
0.05930001933868043
0.05841728856158443
0.05719466082355939
0.055960818938585
0.05787509925859049
0.057356450977688656
0.0561404431829229
0.053261244419170545
0.05273354859487154
0.05189021478709765
0.0506788559702225
0.053190593674732375
0.05088634252343327
0.04950370634945575
0.050572884700552094
0.048696399141056466
0.047939214879041535
0.0493443224625662
0.05030354542245623
0.04910304713014048
0.049585820723790676
0.049424915792397224
0.04843020806387067
0.04893614058446837
0.049713622364820916
0.04987814694796689
0.046226872767088936
0.04811521881647641
0.049736164244404066
0.04775981580005027
0.0506504129746696
0.04597382837992627
0.04666305287061259
0.04670817804792896
0.04541173814785434
0.045789399123715706
0.04573259037816897
0.04285783913873602
0.04237736117565073
0.04378655279094819
0.04238040025451919
0.04407413040052634
0.04452592216477497
0.041571112735010685
0.04111073883506469
0.041911056409985756
0.042644998386583755
0.04155165749271982
0.041059932054550156
0.041500892708700846
0.042785176991194024
0.04121695013481658
0.042568241639831104
0.04322409402467892
0.04116966856999207
0.040879854493646416
0.039530950005771594
0.04007977286821988
0.040237235863367096
0.04084993469278852
0.041673287223538504
0.03975337182186777
0.04003500383145001
0.04117456476312946
0.03897616903241142
0.039164853564125954
0.03908490163119277
0.038712805428047434
0.03962031856211252
0.03875136602775892
0.03877169481262099
0.03877310714941996
0.03818036048964132
0.03749984010073822
0.03795622213339957
0.038193485288858936
0.03679310982263705
0.035919530333645526
0.03703145993351354
0.03773862707386143
0.038453855022328204
0.03756435534414195
0.03807566961791599
0.03785522853449074
0.03884412729465257
0.03748746147212805
0.037038526259880744
0.037444049429601
0.036055044758302394
0.03897350586524626
0.03775190565687735
0.037666787541395755
0.037174663579133634
0.03667073079062975
0.036160748829791554
0.03758207764854305
0.037092207761514145
0.035563523653696756
0.035254428581689715
0.03564889008183527
0.035908588512205464
0.03508428510729282
0.035211645624396624
0.03696561364418813
0.037655521365135794
0.036280258789329674
0.03628319507415727
0.03598467737703613
0.038160205079911975
0.03602112982528415
0.03550691903299885
0.03515021823049319
0.03846877914215147
0.03713085302516702
0.034202709456101
0.03700493271821324
0.03507146280219313
0.03502848337420219
0.03583495092057419
0.034435392935347045
0.035489882988615135
0.03513173104281014
0.034705489391907755
0.035830849156785555
0.03261426276246493
0.03445043594321905
0.03290700025305268
0.03479743935177685
0.03376500103683938
0.03418949216644178
0.03475508742385137
0.03617240486507581
0.034818426933564475
0.034932388493904724
0.03636285035600449
0.03465730359939407
0.03498080889358243
0.03546152952851262
0.03565719349672727
0.03544201391493843
0.035771871156458294
0.03502397721861052
0.03348902737541066
0.03435643667808035
0.03493901799250307
0.03357783763865591
0.03514384948923762
0.0374038530868951
0.035896360011246
0.03576955034931088
0.03586104631648559
0.03571718570279554
0.036677176130675795
0.03472965825350111
0.0335212992811008
0.03313778185966439
0.03318866467748812
0.03454233874951751
0.032938834668451454
0.03341330214470363
0.0340297893470939
0.03252683663527132
0.03217499560131619
0.03492208579400285
0.03371257749737997
0.03406625762406256
0.033377045513391934
0.033698369359983917
0.034098829073462913
0.03390166249333342
0.03363661504875563
0.03362170634216382
0.03578681240880178
0.03595792410275244
0.0353055369404683
0.03431139806662759
0.03510797964291669
0.03327840015602705
0.03331404188806773
0.03388236322371813
0.03404530036532851
0.03451611786985595
0.032742977418974625
0.03356730109771452
0.032453827885313875
0.03329506594535196
0.031997838090485314
0.0326559002434733
0.031856603996640476
0.033587225088156265
0.033815789396811305
0.03403799404497404
0.03340235156068811
0.03263876443228146
0.032423475047276586
0.032859061482633116
0.03180738115887507
0.03391141662661066
0.034227433379212746
0.03406714575242295
0.03295408199707454
0.033063686358472115
0.03305117617045471
0.03329312200036147
0.033364486539534485
0.03290731829044271
0.03194457847734156
0.03378760459665755
0.03290269888487237
0.03353765534565027
0.03397381819823131
0.03266578833843305
0.03168247221204219
0.033209855589180735
0.033825307173648615
0.03524077056577517
0.03347802867057035
0.03400879929049988
0.03461815066549534
0.034225004470761634
0.03293529143034684
0.03276083285612185
0.032971785055980946
0.03391071778072655
0.03375438587905446
0.032963638966459985
0.03362837734307177
0.03203793239121514
0.03200355350215832
0.03279884973582121
0.031079231381181308
0.03291386424302691
0.03515563222430683
0.03425629073145465
0.03360872218718214
0.03382451685501801
0.03297814294126001
0.035387677434574286
0.03276953459917568
0.032722032906079404
0.03385643616043162
0.031667997349847064
0.031788626344905785
0.03215225515329093
0.032455472021984136
0.03375362082636293
0.032547492179751135
0.03313609922346659
0.031833667233428425
0.031025031044306525
0.031415789678323564
0.03265740562608771
0.032903081687556554
0.0331493795115166
0.03231886458814843
0.030497645262445076
0.03162849995204979
0.03275740437772329
0.03135680513471525
0.031183488789875265
0.03029784011240263
0.0326832201286994
0.03108765250289798
0.031000049682295503
0.03295249666989985
