15.87
21.44
30.06
35.39
37.32
42.01
44.59
45.07
46.64
49.46
54.69
62.9
68.18
73.5
77.18
81.06
82.61
84.49
85.57
86.89
87.61
88.53
88.89
89.18
89.68
90.1
90.35
90.79
90.69
91.05
91.37
91.57
91.39
91.87
92.28
92.42
92.5
92.74
92.88
92.87
93.24
93.21
93.55
93.53
93.8
93.8
93.83
94.01
94.04
94.14
94.27
94.36
94.38
94.63
94.57
94.64
94.77
94.73
94.96
95.0
94.8
95.02
95.03
95.27
95.16
95.29
95.35
95.36
95.31
95.53
95.64
95.63
95.5
95.55
95.68
95.66
95.84
95.93
95.88
95.89
95.99
96.08
96.09
96.06
96.05
96.19
96.16
96.22
96.24
96.37
96.4
96.29
96.44
96.47
96.41
96.46
96.51
96.56
96.55
96.46
96.47
96.55
96.68
96.62
96.76
96.62
96.8
96.8
96.65
96.78
96.84
96.88
96.77
96.79
97.04
96.9
97.04
97.03
97.18
97.08
96.99
97.14
97.03
97.25
97.23
97.25
97.26
96.98
97.32
97.28
97.4
97.35
97.36
97.33
97.38
97.47
97.4
97.43
97.43
97.42
97.47
97.41
97.46
97.46
97.56
97.51
97.57
97.62
97.49
97.52
97.57
97.57
97.62
97.62
97.6
97.68
97.65
97.64
97.64
97.65
97.69
97.75
97.67
97.72
97.77
97.59
97.81
97.79
97.71
97.72
97.77
97.77
97.61
97.7
97.73
97.82
97.7
97.74
97.83
97.85
97.86
97.88
97.87
97.85
97.87
97.88
97.86
97.91
97.96
97.95
98.03
97.94
97.91
98.01
98.0
97.98
97.82
97.92
97.96
98.03
98.07
98.07
97.95
97.99
98.06
98.0
97.98
97.97
97.94
98.03
98.02
97.99
98.1
97.95
98.12
98.13
98.04
98.12
98.11
98.14
98.16
98.16
98.0
98.06
98.19
98.19
98.25
98.23
98.08
98.14
98.13
98.09
98.12
98.15
98.17
98.17
98.17
98.25
98.21
98.25
98.15
98.24
98.19
98.27
98.24
98.19
98.05
98.24
98.21
98.24
98.28
98.22
98.26
98.28
98.23
98.21
98.1
98.17
98.26
98.29
98.24
98.29
98.27
98.18
98.34
98.19
98.28
98.27
98.26
98.3
98.21
98.3
98.39
98.29
98.27
98.25
98.31
98.3
98.29
98.35
98.32
98.25
98.34
98.23
98.35
98.37
98.29
98.35
98.32
98.38
98.36
98.36
98.36
98.35
98.41
98.34
98.41
98.34
98.37
98.41
