2.2938867053985597
2.2851400138854983
2.2752903694152833
2.2633451915740967
2.2480624168395997
2.22755280418396
2.1981120079040526
2.152590040588379
2.080493754196167
1.9630640937805175
1.7809755214691163
1.549353645515442
1.3002506019592286
1.0669812235832214
0.8706441788673401
0.7255734404563904
0.6242553639411926
0.5563904061794281
0.5120949935913086
0.4621111824989319
0.4372239649295807
0.4075922734737396
0.39098943436145783
0.3766258955478668
0.3613950380563736
0.3487187576532364
0.335970716547966
0.3209633226633072
0.3234072715044022
0.30512437052726743
0.29575351305007935
0.2915312695264816
0.2882727809071541
0.2772982258558273
0.2689543060183525
0.25944712713956836
0.25807993738651275
0.25108445019721987
0.24569519608020782
0.24602688030004502
0.23371730377674102
0.23123665729761123
0.2259390097975731
0.22281906541585922
0.2147962591290474
0.2137192677617073
0.20852342299222945
0.20472016986608504
0.20211135448217393
0.1964593625366688
0.1923537799477577
0.19305571120381354
0.18651897297501563
0.18575342330932618
0.18434585964679717
0.17987080640792846
0.17795999834537507
0.17422756398916245
0.17303442616462708
0.16959165927767753
0.16871148025989532
0.16468350237011908
0.16678303961157798
0.16081269398331643
0.16096585052013399
0.1542482904613018
0.15432005813121796
0.15317481026649474
0.15455578575730325
0.14919936948120593
0.1447786836206913
0.1446510011434555
0.1466296692997217
0.14323685763776303
0.13895878911018372
0.14288024559319018
0.13595312911272048
0.1342264337837696
0.13394944895803929
0.13367548545897007
0.13186675523519517
0.1313819025248289
0.1283473976045847
0.1295351432710886
0.12628264397084712
0.12292911526560783
0.12512295848727226
0.12234394784569741
0.12132589739561081
0.12033182416856289
0.11892587154507638
0.11897625224292278
0.11733398078978062
0.11728923538923264
0.11501446603536605
0.11409955949485302
0.11376819825470448
0.11400075259506702
0.111939690887928
0.11297417178452016
0.1124648056820035
0.1091262590944767
0.10807891120612621
0.10743960758149623
0.10863516360074282
0.10635860266089439
0.10455177134275437
0.10403036665469408
0.10568896339833736
0.10558665865287185
0.10339266850948334
0.10143999048173427
0.10158244711756706
0.10259585948437452
0.09871604924499988
0.09898935477137566
0.09763536382019519
0.09629078966528178
0.09514726655483245
0.09635682677924633
0.09508108609467744
0.09435736182630063
0.09411132867634296
0.09465656852275132
0.09288302525654435
0.09062425108402967
0.0908713219448924
0.09828546933680772
0.08924438478648662
0.08886784497946501
0.08873264009281993
0.08783295385763049
0.08771776407137513
0.08635267479941248
0.08617327544540167
0.08723312957435847
0.0858190315682441
0.08619302881583571
0.08647891924344003
0.08336160694807768
0.08363710214048624
0.08472988603115082
0.0842473963741213
0.0844105620060116
0.08204211050383747
0.08238652308881282
0.08089818699806929
0.0805017650693655
0.08307883876487612
0.08172251609526575
0.08056278202980757
0.0803527147512883
0.07905326154269278
0.07972115185260772
0.07848595986925065
0.07737664647288621
0.07825950869135559
0.07730311523638665
0.07821939650848508
0.07812311612777412
0.07835877059437335
0.07556095395237207
0.07638967639133334
0.07456651182919741
0.073674169357121
0.07549374235384167
0.0740180217705667
0.07316208610981703
0.0750012610387057
0.075003360218741
0.07298764802720398
0.07179896517824381
0.07457671916037797
0.07356912887785584
0.07315387760326267
0.07063685411922634
0.07208483973741531
0.07092792946156114
0.07066600404176861
0.07058583579286933
0.06983871786668897
0.07022392744868994
0.06840548319295049
0.06959860311374068
0.07074659717604517
0.06834108808413147
0.0699379401858896
0.06830617457404732
0.06733143096547574
0.0681173717699945
0.0674801197744906
0.06765517309755087
0.06694873511251062
0.06657811910882593
0.06576949215512723
0.06527711523715407
0.06899064283333718
0.06599163770694286
0.06522711685020477
0.0667562474148348
0.06504099173862488
0.06409937369637192
0.0653653333492577
0.0647816818235442
0.0646919989977032
0.06380219384040683
0.06403687278404832
0.06364090893752873
0.06577948750983924
0.06413257117308677
0.06271776524167508
0.0630895574837923
0.06239481520261615
0.0645430718459189
0.06296477350667119
0.061396209114044906
0.061947526455298066
0.06036032956838608
0.0601424496460706
0.059673808598890904
0.06008596485769376
0.061540897639002654
0.0614607014217414
0.06102141927219927
0.060094301704876125
0.058862444994039836
0.05909676698502153
0.059345769703760744
0.06031017101630568
0.059663627976924184
0.05998732432574034
0.05944243406020105
0.059615950906835496
0.058970700393244625
0.058400365739222616
0.058862246857583525
0.05951120009897277
0.05744381580837071
0.05772876093331725
0.05791747306361794
0.05816991603448987
0.05780159468613565
0.05742378103071824
0.05830454190280288
0.057385715717449784
0.058166327171307056
0.06044089160338044
0.05619337886432186
0.056143774191476405
0.0565796491779387
0.056022178854234515
0.05556491454588249
0.057028321252483874
0.05571147679761052
0.055008998921699824
0.05680486371349543
0.05716602059835568
0.05725747999828309
0.05511254730606452
0.054995962173491716
0.053889011371787636
0.05406676909700036
0.05411390616074204
0.054456165634095666
0.05478488388750702
0.05607646031677723
0.05538958216318861
0.05368344942620024
0.05360141606060788
0.05343169361324981
0.05478114106943831
0.05300700820405036
0.05315112134935334
0.0535558807968162
0.05500949440654367
0.05300974077880383
0.052449441130738704
0.05200522286770865
0.05251734087318182
0.052359880426805464
0.05183283875696361
0.05244567753365263
0.05235330861257389
0.05367917328528129
0.051258985588140786
0.051499201538972555
0.05243377398503944
0.050586575734522195
0.0523457155611366
0.051429548327578234
0.0515539990500547
0.05155434064343572
0.05082058927826583
0.05007126191216521
0.04976516489996575
0.05107543050739914
0.050568807319831106
0.05185833271630108
0.051088564583286644
0.05040090968748555
