8.93
25.55
16.84
18.17
12.7
21.43
34.64
40.02
12.56
12.27
23.18
33.57
47.23
40.47
49.41
55.77
62.92
50.96
60.23
40.12
74.17
72.27
61.78
57.66
65.76
64.84
62.63
70.58
80.72
74.81
76.9
73.85
74.21
71.01
81.57
82.87
83.47
76.75
75.22
79.02
77.45
75.39
79.25
81.73
72.45
74.07
79.0
86.01
71.14
77.79
72.75
78.42
79.25
78.33
84.35
81.22
77.51
77.9
78.03
82.87
80.64
68.02
77.24
79.3
84.54
82.97
86.18
78.1
74.73
81.56
86.03
81.89
84.78
81.92
80.51
75.81
81.28
86.01
84.26
85.27
85.61
88.27
83.56
88.49
89.35
86.91
76.47
83.45
88.95
86.85
89.73
88.98
81.52
86.86
81.14
90.02
89.65
89.75
88.72
86.82
87.9
89.27
86.82
87.83
85.49
79.15
89.07
88.42
87.61
89.35
89.26
89.62
90.65
86.57
90.93
87.57
85.46
91.22
89.98
89.64
84.02
86.17
91.13
85.95
86.69
85.19
89.06
86.19
87.72
89.26
89.79
91.09
87.86
86.79
87.74
91.91
92.32
90.0
88.58
91.33
91.83
91.52
91.16
86.99
89.41
92.35
92.87
90.52
89.3
91.09
92.18
92.38
89.81
88.04
86.97
83.21
87.78
90.82
92.2
90.47
89.37
85.57
89.97
92.92
91.58
86.55
90.6
89.35
86.04
92.58
92.84
87.08
91.15
91.19
91.01
87.4
92.01
91.19
87.87
93.06
92.85
91.98
92.63
91.22
91.25
91.14
89.82
90.66
90.71
90.86
91.56
91.02
91.68
93.3
93.21
91.02
90.79
90.35
93.26
93.71
88.69
92.2
88.25
90.94
92.03
93.42
93.51
93.44
90.43
91.65
90.55
92.83
93.15
91.4
92.4
93.59
93.6
94.19
89.34
90.78
93.16
93.22
92.94
88.6
91.75
91.86
86.33
89.03
89.5
92.21
89.17
91.2
90.6
94.27
89.57
93.28
94.49
93.22
93.01
90.08
93.14
93.67
93.45
92.81
93.35
93.57
94.48
92.3
92.81
85.72
92.1
93.28
93.08
92.48
93.89
92.92
93.52
93.46
93.07
93.87
92.49
94.6
94.12
89.09
93.18
94.18
93.07
92.32
92.9
93.21
91.8
93.99
95.04
95.0
94.43
94.86
94.34
93.87
93.8
94.05
91.92
93.98
94.01
94.08
93.02
92.85
91.92
93.47
94.23
94.55
93.6
94.11
93.27
93.54
95.0
94.7
93.36
94.35
92.99
94.99
