2.303006652069092
2.302761937713623
2.30294962310791
2.3024908279418947
2.301978245162964
2.301840021133423
2.3017378787994387
2.3015393882751467
2.3014833309173586
2.301450154876709
2.3010009662628175
2.3010502243041993
2.3014112678527834
2.3010583198547363
2.3012819316864013
2.301359535598755
2.301082894897461
2.3007619590759276
2.2998786842346193
2.2995812801361084
2.2990337760925295
2.2973738403320314
2.2961807861328123
2.2956619152069093
2.291214566040039
2.2894621852874755
2.28633377571106
2.293082762145996
2.3147166900634764
2.3358178218841554
2.3284089157104493
2.662188108062744
2.453834560775757
4.141862834167481
3.0489010150909426
2.5312216243743895
2.5603297698974607
2.3989994060516358
2.449766736602783
2.422470458602905
2.624980662536621
2.569380966567993
2.5356611366271973
2.430065473175049
2.2391799789428712
3.3815209060668945
2.5260188766479494
2.3141394302368163
2.347487071609497
2.554183404159546
2.527400174331665
2.4262960189819336
2.946700918960571
2.271635563278198
2.356128755569458
2.1877194805145264
2.284784916687012
2.469260306549072
2.2833105918884278
2.331271407699585
2.525794785308838
2.5451121780395507
2.3482487421035767
2.3474948791503905
2.287293425178528
2.361686632537842
2.4049842697143555
2.316930303573608
2.351401142501831
2.368172763442993
2.2052873756408693
2.416562438964844
2.761592547225952
2.2553770639419555
2.1711935550689696
2.5693479236602785
2.129847473716736
2.6442221702575686
2.2989894958496095
2.2436162693023682
2.3302414844512938
2.1709965549468992
2.09092629032135
2.530582963180542
2.343779611968994
2.16609200630188
2.3472552173614503
2.3033804557800295
2.576921272277832
2.2343236154556276
2.1472449670791627
2.40711559677124
2.8600015003204344
2.354376903152466
2.2736626678466796
2.096682566833496
2.1998301654815675
2.275968655395508
2.1738966543197633
2.103256996536255
2.5223441986083985
2.322342427444458
2.4061767974853514
2.284440573501587
2.4676796875
2.762236266326904
2.2595914848327636
2.5249711185455324
2.0945053480148315
2.4703342494964597
2.324688690185547
2.2243654348373414
1.9457600870132445
2.294796179199219
2.4241024368286133
2.8940376247406006
2.137578251457214
2.445483414840698
2.263160272979736
2.0487386739730833
2.229978798866272
2.336185291481018
2.7773506492614746
2.289726488876343
2.287667808532715
2.349308605194092
2.088256516265869
2.328175157165527
2.1119545114517213
2.158664205932617
2.256888771057129
2.1921512639999388
2.1982817100524903
2.065583090209961
2.1984547817230227
1.9887029382705688
2.149738776397705
2.3859073120117187
2.0707522937774656
2.0915840976715088
2.3370973567962645
2.209461438560486
2.1028858983993532
2.0131494585037233
2.122129728317261
2.2022314434051515
2.240273303222656
2.1175456298828124
2.057948066902161
2.0328425605773925
2.25838044090271
2.5563103815078736
2.104139903450012
2.0741856899261473
2.0910659477233886
2.1966358856201174
2.623931454849243
2.3444792919158934
2.0203989181518556
2.0483411296844483
2.2255340507507326
2.1638833236694337
1.8926183687210083
2.1552623558044433
2.6588169189453126
2.089678077316284
2.092112597846985
2.1196623889923094
2.2390703262329104
1.9256611040115357
2.136707378768921
2.0497828144073487
2.03658675365448
2.08136565322876
2.0896404850006105
2.549131623840332
1.9163025693893432
2.128424929046631
2.077864516830444
2.0988093578338622
1.8331428230285645
2.344886178779602
2.0156131610870363
2.3432281826019286
2.5638028896331786
2.0453985691070558
2.038329955291748
2.1273122732162477
2.0271204767227173
1.948538917541504
1.8407889207839965
1.899088888168335
2.044558556175232
2.0896727844238283
1.9567660634994506
1.884546858215332
1.9162799280166627
2.047307922935486
2.0687282638549807
1.8963708137512207
2.093424871826172
2.157872784805298
1.9516717670440673
2.0460509462356566
2.284489380264282
1.837368657875061
1.9864467012405396
2.228289697265625
2.3978548915863036
1.9437356563568116
2.022474966812134
1.9722177654266357
1.9477934967041015
2.139196099472046
1.904960220527649
2.5537648094177245
1.903345831489563
1.9996234813690186
1.928223072242737
1.7373074447631836
2.028562865066528
1.81433477935791
2.266521675109863
1.7760361545562744
1.8033183502197265
1.8315042093276979
1.9362822830200195
2.127249967956543
1.9097210220336913
1.9747279726028442
2.1031773246765137
2.2533226974487306
1.7847785455703735
1.9982184032440184
1.8030326963424683
2.1885081912994386
2.4730406345367433
2.00262417640686
1.8596375862121581
1.980342345237732
2.022005772018433
2.1506740243911744
1.965603185081482
1.9908651592254638
1.7670003507614136
1.804559845352173
1.903707653427124
2.1813443923950193
1.8487394290924073
1.8110608407974242
1.8489722959518433
2.292665000915527
1.9983844913482667
1.9208983402252198
1.834534441757202
1.8972040935516357
2.0361017490386963
2.242714047622681
1.774318985748291
2.0590199310302735
2.009738562774658
1.8361786832809448
2.0448548818588255
2.156519989776611
2.1036837661743166
1.732939471054077
1.728483502960205
1.7485924634933472
1.946043104171753
1.8199543367385864
1.9238126949310304
1.7354447736740113
2.1558402395248413
1.8639138071060182
1.695194453048706
1.7688062768936157
2.1084802757263184
1.7208611671447753
1.8623912298202514
1.94482248878479
2.819710262298584
2.0485884794235227
1.9392463274002074
2.0446599056243895
1.7976802263259888
1.8066676250457763
1.8401181381225586
1.8555265336990356
1.9420864864349365
1.8654904476165772
1.7765572340011597
2.1647162172317507
1.8607088977813722
2.253526387786865
1.8227089569091797
1.7870469367980957
1.733078085708618
1.9660256406784058
2.185711382293701
1.7732672765731812
