24.79
27.05
45.3
49.73
63.08
63.61
64.36
78.73
79.09
78.45
84.44
90.45
86.61
90.23
91.8
92.05
90.07
91.92
89.01
90.77
88.92
93.29
90.42
93.59
93.06
90.68
93.59
94.68
95.04
92.35
94.75
96.07
94.54
94.07
95.48
93.24
92.36
95.31
96.25
93.47
95.26
94.7
94.72
96.56
94.97
96.33
96.1
92.42
95.09
95.86
96.66
95.79
96.64
94.87
96.41
96.17
94.97
95.48
97.16
96.65
96.65
96.48
96.21
97.5
96.88
96.13
97.37
96.49
97.04
96.71
97.12
97.01
97.35
97.82
97.48
96.46
97.71
97.67
96.78
96.37
96.82
95.89
97.37
97.61
96.97
97.63
97.6
97.61
97.15
97.07
97.73
97.75
97.63
97.71
98.1
96.88
96.44
97.76
97.35
97.04
95.98
97.37
96.73
97.1
97.61
98.03
97.34
97.91
97.57
97.4
97.83
97.85
97.91
97.11
98.04
97.65
98.1
97.79
97.43
97.57
97.5
97.48
97.39
97.7
96.81
97.57
96.66
97.79
97.39
98.03
98.13
98.07
98.36
97.83
97.96
98.08
98.25
98.27
97.52
97.61
97.86
97.73
97.44
98.02
98.33
98.26
98.15
98.29
98.41
98.32
98.23
97.9
97.93
98.26
98.0
97.82
97.84
98.33
98.33
98.46
98.39
97.71
98.17
98.25
98.08
98.18
97.98
98.21
98.07
97.7
97.87
98.41
98.29
98.39
97.96
98.44
98.01
97.86
97.88
98.21
97.97
98.36
97.93
97.93
98.4
98.46
98.41
98.32
98.31
98.4
98.28
97.69
98.26
98.13
98.39
98.14
98.26
98.29
98.21
98.4
98.45
98.37
98.42
98.28
98.3
98.14
97.84
98.07
98.47
97.97
98.38
98.19
98.26
98.55
98.64
98.17
98.46
98.51
98.47
98.06
98.25
98.53
97.55
98.5
98.19
97.87
98.02
98.33
98.22
97.75
98.35
98.43
98.39
98.26
98.48
98.5
98.37
98.28
98.36
98.03
98.49
98.25
98.31
98.54
98.29
98.41
98.51
98.14
98.47
98.28
98.21
98.55
98.42
98.16
98.31
98.37
98.5
98.1
98.16
98.03
98.33
98.44
98.02
98.33
98.49
98.56
98.08
98.33
98.58
98.52
98.49
98.36
98.3
98.24
98.5
98.59
98.05
98.38
98.45
98.48
98.5
98.46
98.47
98.1
98.42
98.02
98.55
98.33
98.39
98.48
98.18
98.45
98.5
98.43
97.89
98.38
98.43
98.54
98.51
98.43
