18.86
32.92
31.95
46.55
53.85
54.33
47.43
37.39
60.57
68.81
71.19
65.6
62.99
71.59
76.01
78.1
74.2
81.85
84.28
81.53
82.64
78.4
84.39
79.68
88.39
85.29
78.43
78.35
80.49
83.95
81.56
81.69
88.04
81.22
85.96
85.51
89.24
91.34
86.88
87.41
87.52
88.97
85.55
88.4
87.43
83.8
85.87
84.17
78.21
91.16
83.86
93.23
89.42
92.28
83.59
87.81
91.86
89.46
92.44
92.64
88.83
87.01
88.69
92.64
92.89
91.22
92.85
93.18
92.3
90.95
90.24
92.67
92.51
90.9
92.85
93.45
91.01
92.54
81.13
87.9
90.97
91.66
91.8
87.46
87.4
86.08
89.78
91.98
94.24
92.8
90.03
91.76
91.56
93.35
94.54
93.61
93.07
92.48
92.43
93.62
94.3
93.94
92.73
90.24
93.89
91.96
92.72
95.19
94.0
94.22
95.24
95.82
94.18
90.88
93.04
90.05
93.91
94.69
94.16
92.75
91.04
89.85
94.97
93.46
92.87
95.52
93.18
93.88
93.36
95.22
94.09
93.56
91.64
94.49
93.45
84.54
95.12
94.71
92.98
94.2
95.19
92.52
95.57
94.75
95.49
95.45
91.72
95.26
95.3
95.63
95.72
95.21
95.59
94.68
96.24
94.48
93.97
91.43
95.06
94.98
94.03
94.53
96.37
95.15
94.76
93.98
94.48
95.98
95.7
92.43
88.96
96.0
94.55
96.3
96.13
96.23
93.3
95.37
95.77
96.06
96.21
96.14
93.8
94.76
94.33
96.64
95.03
95.05
89.33
92.35
93.77
96.19
95.67
94.89
94.05
95.96
94.99
95.33
95.42
94.71
94.67
96.23
96.75
96.43
96.04
96.45
83.32
94.26
93.34
95.8
95.44
94.39
95.29
97.11
96.89
96.35
95.37
95.88
96.37
96.65
95.73
96.46
95.97
95.78
96.78
96.95
96.41
95.2
96.44
96.4
95.95
94.2
93.6
96.24
95.66
97.08
94.76
95.48
94.8
95.86
96.41
94.48
96.0
95.86
95.38
96.06
91.95
96.16
95.18
97.16
96.73
96.25
95.21
94.53
96.42
95.54
95.8
95.15
96.58
96.58
95.89
96.18
95.74
94.79
96.46
96.91
95.0
94.31
95.45
96.22
96.84
96.67
96.15
95.56
93.55
95.01
97.13
96.99
96.46
96.83
97.1
95.71
95.53
96.16
96.4
96.81
97.34
97.21
96.07
95.34
96.18
96.79
97.03
95.86
96.08
96.23
95.45
96.3
96.28
97.0
