2.493527963256836
2.357270358276367
2.264813060379028
1.7441094177246095
1.5082114440917969
1.6942328340530395
1.784818801498413
2.251848329925537
1.3146189178466796
0.8631712922096253
0.8449389797210693
0.9977308885574341
1.1364700790405273
0.985773779296875
0.6568376336097718
0.6205055595397949
0.6890820711135864
0.5125325578212738
0.5062851095199585
0.5302040978431701
0.5427427264213562
0.5878213579177857
0.4530417533397675
0.731383540058136
0.3704547633647919
0.4084119966983795
0.6041583765029908
0.6222175850868225
0.6196300145626068
0.4673394715309143
0.5250524323940277
0.6185864667415619
0.3768665620803833
0.4913259350299835
0.4105843819141388
0.41300837116241457
0.34568717715740205
0.27738247715234754
0.3612294142484665
0.3663371949672699
0.3930145291566849
0.33905518198013307
0.42797822456359863
0.3306423035144806
0.3561707365512848
0.4388124327659607
0.3714175087928772
0.42328826789855956
0.7014396312713623
0.27712934350967405
0.446983610868454
0.2251016173839569
0.30979596691131595
0.26161193323135373
0.44761799306869504
0.3245105304718018
0.24447049709558488
0.2975058038711548
0.23680345443487166
0.22654679529666902
0.31809760925769803
0.35781147723197937
0.33874012513160706
0.25167222360372543
0.22289682915210723
0.26743139028549195
0.21859957276582717
0.20960523273944856
0.23596889466047288
0.2750343263506889
0.2757488606214523
0.21502040901184083
0.22989184671640397
0.26744354248046875
0.2232092929840088
0.21498265401124955
0.24552811126708984
0.2294034369468689
0.5370902245521545
0.3404050431728363
0.28109312236309053
0.2518656176567078
0.25539059240818024
0.35948395056724547
0.365212873840332
0.3759505124092102
0.28246972559690475
0.23783430531024932
0.17584518902003765
0.20764277913570403
0.28922033156752586
0.25751813985705374
0.2504091084599495
0.1955490141928196
0.16893234252929687
0.18743094717860223
0.20929571981430053
0.2360235740184784
0.23688520476818084
0.1811623221874237
0.1773138873487711
0.1858091769427061
0.2206685014486313
0.2598810433983803
0.18852201122045517
0.23344963096380233
0.22624376686811448
0.15352602220624686
0.17719855103492738
0.18361749197244645
0.1544725120961666
0.1328066556930542
0.17697250745892526
0.2588834710359573
0.1986801510334015
0.24625323750972747
0.17634319638609885
0.1655130022883415
0.1816777704000473
0.22053448739051817
0.2603248617649078
0.284637264585495
0.15437348036766052
0.20180625034570693
0.20869134278297424
0.13511084165871143
0.2041803979575634
0.17802289841175079
0.20271658054590225
0.1405077109724283
0.17914909326285125
0.19408385971039532
0.24436969925165175
0.16811725689917803
0.19588073503971098
0.48544629039764403
0.15277548558413984
0.16076986210346222
0.20597631360292434
0.16729652395546438
0.14720170919895173
0.22398636823296547
0.1324148731261492
0.16421656489372252
0.13519342911839485
0.1474999826937914
0.2350461059331894
0.14604699182361364
0.14779404499530793
0.1347689876317978
0.12914942291676998
0.152680633713305
0.141255656427145
0.166739747941494
0.12259619596898556
0.1718016406916082
0.1733654856055975
0.24844097766876222
0.14787942663729192
0.1485560112208128
0.17796586261093617
0.16875675909221172
0.1157399817213416
0.15244590334892272
0.16212731219530105
0.1903239377617836
0.16484514785408974
0.13307958290576935
0.13561577723622323
0.2077965740442276
0.2814954762458801
0.11692083902657031
0.1582314442038536
0.11886218247115612
0.11796999879330397
0.1230744250997901
0.2005354799389839
0.14424364561364056
0.13530987628176808
0.12515899649262427
0.11761060366034508
0.1196246360450983
0.18546763173937797
0.16420409473776817
0.1693449187964201
0.10554965344145895
0.1428213935047388
0.1419317115187645
0.311494637465477
0.2149668580532074
0.17332555826604365
0.12008826645612716
0.13177133356556298
0.14548519993424416
0.16655579421669245
0.12286294618025421
0.15609372282922268
0.14018528141081332
0.1330393156170845
0.16094399884939195
0.1514834924966097
0.11676626598387957
0.10295175064578653
0.11289792961627244
0.11621041934173554
0.10721524616330862
0.49051498069763183
0.1732803123176098
0.18658311195373536
0.13325662230253218
0.1427365322649479
0.15705532882139087
0.13428199681006373
0.09170978964567185
0.09846485058553517
0.11267558976113796
0.13482759354822338
0.12039286064356565
0.10612002598196268
0.10477791163027286
0.13269887139201164
0.10467816291805357
0.12248307217657566
0.12898020262718202
0.10181215596087277
0.09722976501323283
0.11291518903076649
0.1487999276459217
0.1174414839103818
0.1092742018610239
0.1292136163160205
0.16799817276597023
0.18887542966604232
0.12583256515935062
0.13015174436569213
0.08834093917533756
0.15353869716227053
0.14127238090485333
0.1481039083763957
0.12934625012800097
0.10718180121034383
0.15544650607705116
0.11974867673963309
0.12732100880742073
0.1456829610645771
0.12569530233442783
0.22654567599892617
0.1224603702235967
0.14047079453468322
0.09038284423723816
0.10324422992914915
0.11316352180242538
0.13735279586277901
0.1563456961989403
0.11336730169951915
0.1328824868414551
0.12621000389382242
0.141889137378335
0.10317042779698968
0.10116656671557575
0.12640750124827027
0.1131408327355981
0.12950074562728406
0.15921996194273233
0.11434886995740234
0.09802756462916731
0.16259752181917428
0.17419403029605746
0.13290445996820927
0.113931831856817
0.09536727334186434
0.10765869179964066
0.12002367608938366
0.12772803419679404
0.19628678907155991
0.14380395400822163
0.08797002982795238
0.09476112515702843
0.1086228954911232
0.09618839292228222
0.09065750622749329
0.1296578823979944
0.12829381694048644
0.10886893157809972
0.11194515492990613
0.10242333308979869
0.08164089338257909
0.08472490096352994
0.12177827074006199
0.14290276402831079
0.11184376138746738
0.10360822859033943
0.09098843835033477
0.1290502931509167
0.11937134707309306
0.10845678577423096
0.13510701703429223
0.11552891748473049
0.11722448939979076
0.09397025249451399
