10.0
10.0
13.21
14.62
11.85
17.62
17.07
15.04
15.89
18.01
15.58
15.18
18.29
16.06
23.45
20.87
19.69
15.99
21.0
19.05
19.86
19.83
20.26
21.07
26.66
18.96
23.63
20.6
18.87
25.54
27.7
28.36
24.61
24.23
23.31
28.18
28.9
21.88
26.04
30.62
20.03
27.03
34.54
23.18
31.71
31.06
31.77
32.22
31.73
32.54
24.97
27.34
27.82
22.52
30.67
30.91
35.37
35.89
25.63
30.16
24.55
27.67
33.18
31.85
27.27
27.56
34.15
37.7
28.16
29.43
26.74
35.06
30.6
31.66
36.35
35.93
36.94
33.04
26.94
30.5
36.02
34.6
31.9
35.53
33.87
32.63
33.65
39.25
35.45
39.29
36.96
35.41
41.4
29.65
32.18
31.87
35.24
32.55
38.49
39.28
34.81
28.23
37.74
37.58
35.64
36.03
32.32
40.5
37.94
32.38
25.96
39.16
35.78
30.17
38.38
36.75
32.4
40.11
41.76
33.63
35.98
35.25
31.86
40.1
33.22
41.07
32.95
35.18
38.81
35.72
39.0
25.55
30.85
43.15
41.36
39.2
43.87
37.94
37.18
37.66
41.48
42.33
26.41
43.52
38.42
29.39
32.36
40.79
38.9
35.91
32.4
36.92
40.67
41.38
45.96
31.49
38.54
42.28
36.24
39.63
39.64
36.87
42.33
39.54
44.38
40.04
40.73
43.79
37.83
41.86
36.61
37.92
38.24
33.65
32.59
42.23
44.0
42.82
38.44
46.21
40.48
43.64
32.44
43.6
44.2
38.32
37.5
39.29
40.83
46.86
39.96
41.84
40.16
39.47
38.99
40.18
44.31
35.41
40.8
35.02
38.64
45.32
38.99
42.43
35.63
26.4
41.18
40.23
47.04
43.73
39.09
42.31
41.79
41.86
43.27
40.63
33.78
42.29
32.57
41.4
43.75
41.16
43.21
41.72
39.45
48.72
36.33
44.67
48.98
39.35
42.62
43.44
39.53
42.39
36.33
44.45
46.32
46.15
41.22
45.33
41.49
47.87
43.39
43.39
48.11
43.39
45.01
45.95
45.06
43.15
43.12
47.58
45.56
47.74
44.06
45.22
42.08
44.19
46.21
36.73
45.53
50.25
47.37
48.33
47.27
44.16
47.51
36.5
47.12
40.95
43.16
45.02
45.44
46.2
44.16
38.47
44.88
45.74
46.88
38.33
40.61
39.42
43.28
44.16
47.97
41.75
41.39
38.51
43.31
46.45
47.35
46.62
47.84
48.58
43.2
43.27
45.33
46.77
39.49
45.12
