2.3063229026794434
2.305694131851196
2.305124716567993
2.3045864757537844
2.303998843383789
2.303383583831787
2.3027621784210206
2.3021550704956053
2.301545335006714
2.3008509967803956
2.3001553703308106
2.2994577575683595
2.2987182014465333
2.2979677742004396
2.2971245693206788
2.2962646747589113
2.2953394927978517
2.2943001289367677
2.2931833629608156
2.2919456020355224
2.290646920013428
2.289233092498779
2.2876005771636962
2.2857254837036134
2.283763928604126
2.281395978927612
2.278653783416748
2.275806689453125
2.272459917831421
2.2686964305877684
2.2641783699035645
2.259368359375
2.2536271606445313
2.2474475761413575
2.2411814403533934
2.23373330078125
2.2252847534179687
2.216029862213135
2.206136708831787
2.196711989212036
2.1870053771972655
2.176804306793213
2.165994863510132
2.154680683517456
2.1428416206359864
2.13146190071106
2.1205817903518676
2.1095234539031984
2.0982110498428344
2.0877824504852294
2.078623062324524
2.0699116037368777
2.061853182220459
2.0552878538131716
2.0486406230926515
2.0413788192749025
2.035464918518066
2.0300142736434936
2.024380061340332
2.0196790227890014
2.0158121381759644
2.011211692428589
2.0069432155609133
2.002472032737732
1.9988466003417968
1.993487283706665
1.9892408805847168
1.9845716018676758
1.981095662689209
1.975427194404602
1.9713709533691406
1.9677507675170898
1.960590817451477
1.9547814659118652
1.9505224512100219
1.9457251861572267
1.9395855953216552
1.9356502019882202
1.9297741119384766
1.9243817998886108
1.9187648269653321
1.9128923482894897
1.9084823993682862
1.9024716995239257
1.8985627271652221
1.8943033281326294
1.8878901346206665
1.882121129989624
1.876606996154785
1.8712640439987183
1.8666499046325684
1.8632048936843872
1.861141689300537
1.8565584062576295
1.8482165943145752
1.8428985303878784
1.8371128190994264
1.8350376279830933
1.831715264892578
1.8290021631240845
1.8198418376922607
1.8146717212677002
1.8151894914627076
1.811697701072693
1.8028842281341553
1.800239738845825
1.7941126148223876
1.791048934173584
1.7923261997222901
1.7816174015045165
1.7780560451507568
1.7723936416625976
1.7707886497497558
1.7632237798690795
1.759657776260376
1.75666711063385
1.7539370338439941
1.7547925720214843
1.7434811101913452
1.7431112436294556
1.7354676235198974
1.731262408065796
1.7286124885559082
1.7234019737243653
1.7204351356506347
1.7166270965576171
1.7143516441345215
1.7128582643508912
1.7069191282272338
1.7034710790634155
1.6996855949401855
1.695487307548523
1.692623272705078
1.6888024654388427
1.685974098968506
1.686229496383667
1.6819916208267212
1.6779677785873413
1.6734973957061767
1.6779023628234864
1.6696346969604492
1.6660175716400147
1.665303238105774
1.6584859115600585
1.658973744392395
1.6541779558181762
1.6543828065872193
1.6525794746398925
1.647852967453003
1.6464226774215698
1.6425333387374879
1.6435398738861084
1.6367645933151245
1.6417985292434691
1.6356792762756347
1.6328646760940553
1.63215945892334
1.6269603420257568
1.6273933132171632
1.6225471771240234
1.6234370000839233
1.6199040731430054
1.617426738357544
1.6161950881958007
1.6199311294555665
1.6153670558929443
1.613923961830139
1.6101266380310058
1.606479447746277
1.6028110626220704
1.6035946725845336
1.5992462888717651
1.5995663431167602
1.599836513710022
1.5959254837036132
1.5959923112869263
1.5919913661956786
1.5969581342697143
1.5882955207824707
1.586090281867981
1.5850863788604737
1.583238754081726
1.5813743522644044
1.5796327098846437
1.5782780704498292
1.5761042921066284
1.5766927017211914
1.5764016613006593
1.5703848155975342
1.5696542293548583
1.5688047887802123
1.5682182655334473
1.5686111743927003
1.5635419441223144
1.567854555130005
1.572999582862854
1.559260993385315
1.5573040460586547
1.5602675094604492
1.55937449798584
1.5527126531600952
1.5511408512115479
1.5505118236541748
1.5486668153762817
1.5499627199172974
1.5474643606185914
1.5482106756210328
1.5464120714187621
1.5498824626922607
1.5416517723083496
1.544430913734436
1.5401453670501708
1.542551870727539
1.5388051900863648
1.5340401607513428
1.5324350473403932
1.5404014562606811
1.534502263069153
1.5308286293029785
1.532711672592163
1.5273302780151368
1.5257453672409058
1.5255187326431274
1.5248936851501464
1.5212718618392944
1.5209493261337281
1.5236920513153076
1.5201092178344726
1.5191569389343262
1.515421420288086
1.514861043548584
1.514238963508606
1.5195232347488403
1.511240242958069
1.5109432819366455
1.516253528213501
1.5069788846969605
1.5174208393096924
1.5063547115325928
1.5043954864501954
1.505089612197876
1.5066402368545533
1.50095103225708
1.4985193349838257
1.5009795236587524
1.4992401901245118
1.5004914302825927
1.4961771369934083
1.497931795501709
1.492830849647522
1.492838458633423
1.492015436553955
1.4896123607635499
1.4898396337509154
1.4885829751968385
1.4882034566879272
1.4866185230255127
1.4836065183639526
1.482831683731079
1.4879939659118653
1.4812230421066284
1.4821402914047241
1.4814035305023194
1.4788062822341919
1.4769844968795776
1.477570523071289
1.476732270050049
1.4762445625305176
1.4744653940200805
1.4726465776443483
1.4761737739562988
1.475165375328064
1.4696555641174316
1.4702445322036743
1.4697803300857544
1.4690999446868898
1.4667238836288452
1.465346137046814
1.4660134733200074
1.4637348850250245
1.4621088985443116
1.460242921257019
1.4620872983932496
1.4598722124099732
1.4594532135009766
1.4600951763153076
1.4584814182281494
1.4626671724319458
1.4535637512207031
1.4526850671768188
1.4533196571350098
1.4498701162338257
1.4505713668823241
1.4492146446228027
1.4505227420806885
1.4492162817001342
1.448197693824768
1.4462444305419921
1.4463286628723144
1.448237897872925
