9.74
9.73
13.35
23.46
10.29
16.74
18.6
12.31
10.19
47.19
43.57
44.73
38.28
43.59
36.0
38.34
36.78
35.82
40.02
53.06
69.8
57.47
61.14
54.15
69.58
66.49
68.02
63.52
67.81
68.15
65.54
62.11
66.3
71.77
66.12
73.62
77.58
64.04
63.36
72.67
72.13
76.34
71.06
79.19
77.09
79.55
78.45
79.49
81.21
78.5
81.29
81.6
83.24
80.53
84.22
80.95
81.79
84.45
82.66
80.39
83.64
73.2
83.19
82.91
80.14
85.91
81.31
86.64
87.65
86.22
86.93
86.16
82.82
82.2
83.17
88.71
84.69
86.41
84.14
88.89
87.59
89.28
86.47
87.94
84.84
90.04
88.92
80.8
83.99
87.71
86.28
86.9
87.6
86.08
88.12
89.36
89.96
87.03
88.49
88.71
86.79
89.39
88.71
89.91
89.76
87.13
89.18
88.11
91.09
90.56
89.78
89.57
89.93
83.99
82.48
81.97
89.03
87.17
87.09
90.32
91.17
82.98
85.87
84.18
89.76
90.57
88.72
90.3
90.4
84.27
82.59
89.46
89.34
91.76
91.04
91.21
91.2
90.19
92.62
90.72
91.89
91.22
91.61
89.55
91.84
85.32
89.73
92.5
88.71
91.82
92.67
90.49
90.95
91.59
91.28
90.35
87.17
92.56
91.28
92.3
90.9
92.37
93.16
91.49
91.63
91.11
92.38
92.14
91.62
92.1
90.97
92.87
92.88
91.73
91.99
93.21
91.76
93.26
92.78
93.0
93.09
90.27
92.56
90.82
93.08
92.34
92.38
90.89
88.73
91.42
93.6
94.05
93.14
91.61
93.25
94.34
94.01
92.94
94.9
94.88
94.15
94.54
94.42
92.47
94.64
94.27
91.44
93.17
91.75
88.07
93.26
93.1
93.02
94.45
95.33
94.6
94.71
93.61
92.96
94.15
93.64
93.9
94.37
90.79
84.68
92.57
94.37
94.46
94.54
93.94
94.57
93.35
94.91
94.19
93.01
94.61
94.97
95.6
95.19
94.91
94.93
95.39
93.99
90.16
91.85
94.11
94.93
95.13
94.4
94.66
94.37
94.65
94.51
95.31
93.65
94.37
94.5
94.29
95.78
95.18
93.5
94.05
94.75
95.5
95.16
95.34
94.72
94.44
93.83
95.71
95.61
95.25
96.2
95.26
95.2
95.88
95.51
94.98
95.81
94.58
95.22
96.03
95.27
94.52
93.18
95.4
95.35
94.93
95.47
94.83
95.39
95.07
94.6
94.8
95.7
96.02
95.8
95.07
94.58
96.14
