9.99
9.99
10.03
10.02
10.02
10.03
10.04
10.12
10.07
10.07
10.09
10.03
10.04
10.04
10.05
10.02
10.03
10.05
10.03
10.05
10.11
10.15
10.21
10.2
10.21
10.16
10.17
10.26
10.42
10.59
10.65
10.85
10.82
11.03
11.36
11.74
12.56
13.26
13.91
14.88
16.17
17.25
17.37
17.95
18.56
19.21
19.81
20.85
21.03
21.11
21.38
20.82
20.29
21.32
20.65
20.07
20.12
19.58
19.33
19.18
20.17
20.44
20.88
21.56
22.64
22.47
22.38
23.67
23.7
24.24
24.79
25.11
26.31
26.63
25.87
26.11
27.21
27.28
27.88
27.89
27.96
28.33
28.17
28.63
28.53
28.63
28.4
29.29
28.68
29.24
29.4
29.16
29.29
29.98
29.74
30.15
30.02
30.05
30.34
30.3
30.28
30.3
30.82
30.64
30.82
30.68
30.94
30.82
31.23
31.43
31.52
31.51
31.34
31.9
31.79
32.17
32.14
32.21
32.42
32.43
32.46
32.37
32.91
32.98
32.96
33.26
33.69
33.44
33.58
33.52
34.34
33.85
34.24
33.65
34.73
34.76
34.81
35.12
35.04
35.35
35.41
35.19
35.67
35.47
35.49
36.07
35.78
35.4
35.79
36.07
36.25
36.26
36.65
36.64
36.81
36.73
37.0
37.28
37.3
37.33
37.32
37.68
37.5
37.87
37.63
38.03
37.91
38.1
38.04
38.28
38.31
38.6
38.77
38.47
38.79
38.32
38.38
39.25
39.37
39.36
39.4
39.42
39.64
39.19
39.65
39.5
39.76
40.1
40.29
40.22
40.0
40.32
40.11
40.68
40.68
40.65
40.95
41.0
40.82
41.04
40.88
41.07
41.47
41.64
41.61
41.5
41.99
41.91
42.0
42.14
42.22
41.97
42.47
42.31
42.66
42.36
42.76
42.64
41.93
42.55
42.82
42.48
43.0
43.41
43.07
43.26
43.59
43.28
43.56
43.58
43.93
43.55
43.64
44.05
43.85
43.93
44.27
44.11
44.15
44.11
44.17
44.59
44.29
44.47
44.57
44.45
44.6
44.73
44.8
44.87
45.33
45.18
45.33
45.12
45.08
45.18
45.31
45.38
45.63
45.49
45.46
45.61
46.23
45.98
45.8
46.31
46.21
46.2
46.63
46.28
46.49
46.48
46.72
46.49
46.89
46.83
47.13
46.93
46.3
46.91
46.95
47.18
47.01
46.73
47.27
47.27
47.15
47.43
46.91
47.25
47.21
47.78
47.95
47.74
47.79
47.47
47.57
47.98
48.06
48.38
