2.305532174682617
2.3052731346130373
2.3050055931091307
2.3047794456481934
2.3045424175262452
2.3043340423583984
2.3040965160369873
2.3039233474731446
2.303698500061035
2.303497249984741
2.3033018630981443
2.30313148727417
2.3029523006439208
2.3027544361114503
2.3025595890045167
2.3023566619873046
2.3021499336242677
2.301957357406616
2.301760327911377
2.301569989013672
2.301347611618042
2.301121626663208
2.300884344100952
2.30064610748291
2.30038542175293
2.3000993000030516
2.299811518859863
2.299511749267578
2.299199536895752
2.2988566703796387
2.2984909996032714
2.298110153198242
2.2976576988220216
2.297195975112915
2.2966714389801024
2.2961041297912597
2.295472563934326
2.294788457107544
2.2940243545532226
2.293234740829468
2.2923011169433596
2.2912626037597654
2.290175112915039
2.2889646045684815
2.287620782852173
2.2861612323760987
2.2845453826904296
2.282710904312134
2.28074388961792
2.278414939880371
2.2757989456176757
2.2728183235168458
2.2693820125579833
2.2656511093139646
2.2611876388549805
2.2561065254211425
2.250000395202637
2.2433114585876464
2.2357904357910154
2.2273849380493163
2.217914422607422
2.2067167472839357
2.195728307342529
2.18350828666687
2.1700724990844726
2.158075405883789
2.145736759185791
2.134399515914917
2.124638412284851
2.1155670398712156
2.1069018070220946
2.098654407119751
2.090698768615723
2.0816454402923585
2.072663187789917
2.0649918031692507
2.057737290763855
2.0472598253250123
2.04016964931488
2.032503039932251
2.023939415740967
2.0169014471054076
2.0103766832351684
2.005888682556152
1.996875616645813
1.9923292413711549
1.987479098701477
1.9828293375015258
1.9804228757858275
1.9729660955429078
1.96864188079834
1.96474350605011
1.962670491027832
1.9582626991271972
1.9540690530776978
1.9497692344665527
1.9473192869186402
1.9435265691757202
1.9406767633438111
1.9364014465332031
1.933288268661499
1.9314192998886108
1.9266308099746705
1.9246062240600585
1.920251803970337
1.9186654050827026
1.9147829542160033
1.9119857995986937
1.909403999710083
1.904003461074829
1.9006662761688233
1.8973132904052734
1.8961531034469605
1.8908924753189087
1.8914345155715941
1.8844107746124268
1.8798431966781617
1.8797507524490356
1.8729901079177858
1.8685341817855834
1.866097162628174
1.8634433753967286
1.857791381072998
1.8542400882720946
1.8490564825057982
1.8470989616394042
1.844666263961792
1.8391233617782592
1.838629165840149
1.8332785850524902
1.8279698278427123
1.8242434261322023
1.8195458253860473
1.815013578224182
1.8114721794128419
1.8064880475997924
1.8014930728912353
1.7980103170394897
1.794723327255249
1.790036952972412
1.785052133178711
1.7826808666229248
1.7778590871810913
1.7730707941055297
1.7679242458343505
1.7667381229400634
1.76131331615448
1.7598773351669312
1.7538865566253663
1.748840991783142
1.7441386405944823
1.7436781761169433
1.736457373046875
1.7332321773529054
1.7314480991363526
1.7344048357009887
1.7212511783599853
1.7188026290893554
1.714640295791626
1.7133462671279907
1.7168848140716553
1.705552618408203
1.701262869644165
1.6979397134780885
1.6940665239334107
1.6935088939666747
1.693196467590332
1.6902170921325683
1.6828666744232177
1.6807270513534547
1.674921689414978
1.6742150943756104
1.669627844619751
1.6671230489730835
1.666541477203369
1.6753163745880126
1.6632192888259887
1.6544186668395997
1.653544789123535
1.6518751947402954
1.647925393486023
1.6445866376876832
1.6432036127090455
1.6437746845245362
1.6372278949737549
1.636170303916931
1.632413705444336
1.631548335647583
1.6281918296813964
1.625433646583557
1.6297360832214356
1.625375251197815
1.6211132223129272
1.615108779144287
1.61536067943573
1.614244490814209
1.6096902042388916
1.606336400604248
1.6076937646865845
1.6016725643157959
1.6020818590164185
1.6027716379165649
1.5965151350021363
1.5993208137512207
1.5957645652770995
1.5930185775756835
1.5902718200683594
1.5878354936599732
1.585359907913208
1.5820149070739746
1.5810399257659913
1.5813093658447266
1.5765934633255005
1.573634524154663
1.5708105298995971
1.5700574005126953
1.5707900117874145
1.5691623640060426
1.5673190603256226
1.5665803192138672
1.5618854784011842
1.5661980747222901
1.5576033813476562
1.5563867155075073
1.5608432971954345
1.5562883947372437
1.551585675430298
1.5491972492218018
1.5458663919448852
1.5441284212112427
1.5411396057128905
1.5436169969558715
1.54318685836792
1.538767142868042
1.5369529037475587
1.5340036487579345
1.5341390926361085
1.531225910758972
1.5281050210952758
1.5278543094635009
1.5309317975997925
1.525443565750122
1.5269780261993409
1.521627068710327
1.5208776430130004
1.5251533472061156
1.5165674087524414
1.5149067234039306
1.5138108907699586
1.5099456787109375
1.508720199394226
1.5063545173645019
1.5038830488204955
1.5057161514282227
1.505211559677124
1.5002085292816163
1.4970260913848876
1.4967847408294677
1.4929411521911622
1.4922182840347291
1.494824704170227
1.4917413215637207
1.487911361503601
1.4904779972076416
1.4872655015945435
1.4851727413177491
1.4829803253173828
1.4804463800430299
1.481905053138733
1.4866969001770018
1.4777489891052247
1.4772734409332275
1.4761094928741456
1.4773419731140136
1.4682874767303467
1.4693158086776734
1.464094062423706
1.4672467510223388
1.467457279777527
1.4629591695785522
1.4620217697143554
1.456308493232727
1.458860066795349
1.4642421989440917
1.4565498304367066
1.4527839109420777
1.451813691329956
1.4523860334396361
1.4598363983154297
1.4476772512435914
1.446300029563904
1.4445260332107543
1.4429082168579102
1.440714762878418
1.4432666137695314
1.4438456098556518
1.4373339658737183
1.4380476991653441
1.4359877241134644
1.4346104427337647
