2.29560442237854
2.2884800941467285
2.2808727005004883
2.272035768890381
2.2604024314880373
2.245483003616333
2.2257160552978514
2.1994046424865723
2.163334436416626
2.110059238052368
2.0368974086761473
1.9294735961914062
1.7955251344680787
1.6432964960098266
1.4792025333404542
1.3250328037261963
1.191468044281006
1.0744607677459717
0.9792427396774293
0.8716005715370179
0.8192521885871887
0.7491711252212524
0.6960477745056153
0.6499595582962037
0.6268147748947144
0.6034019525527954
0.5654883544921875
0.5506288520812989
0.5209196236610413
0.516935036277771
0.491937957239151
0.48471187429428103
0.4662479787826538
0.4513047580242157
0.4350835383415222
0.4296839521408081
0.42377800326347353
0.411294723367691
0.40082186303138734
0.3939985500335693
0.3875069320201874
0.374457423210144
0.3661280413389206
0.3624396316051483
0.351601081609726
0.34605800256729125
0.3337250232696533
0.33510686683654783
0.33134657497406006
0.3226904670715332
0.3188251188755035
0.3150687514305115
0.30764100003242495
0.30333668653964996
0.29742944893836976
0.2927977766036987
0.2910079455137253
0.28765688011646273
0.2820422028303146
0.278542054104805
0.27546820838451386
0.27434599199295046
0.27076306903362274
0.2630275631904602
0.25930728694200517
0.2580141039371491
0.2556989808559418
0.2513268386721611
0.2482656625032425
0.24593803029060363
0.2430947929263115
0.24219102561473846
0.2368728178858757
0.23716133159399033
0.23029074387550355
0.22863796275854112
0.22710833379030226
0.22320884311199188
0.22201492046117782
0.22227141996622085
0.2215152193069458
0.21873179531097411
0.2145085863828659
0.21414364335536956
0.2123624151945114
0.20773709634542464
0.20702303569316863
0.20379843091368674
0.20411691856980324
0.20194344400167466
0.20095802820324898
0.19948607445955277
0.19756419125199318
0.19514230729937554
0.19252089867591857
0.19136838225126265
0.18883603982925415
0.1898288244485855
0.18941189445257187
0.1878567290186882
0.18358751972913742
0.1813927906870842
0.1809960581302643
0.17968172977566718
0.17963487614393234
0.17768114842772484
0.17469235002994538
0.17590294948816299
0.17482130511403085
0.17474700838923454
0.1740234875589609
0.17107002117037773
0.16922576650083065
0.16931838332414628
0.1671825153529644
0.16518975040316583
0.16508382892906664
0.16454433329701423
0.16381253540813923
0.16386306847631932
0.16188431262373923
0.16126790524423124
0.16120579529702664
0.16075121787786484
0.15812306159138678
0.15651058397591114
0.15570358190238476
0.1541588347017765
0.15314299592971803
0.1535530391305685
0.15449963534772396
0.15299055655002594
0.15133398478329183
0.15051982292830943
0.14982952178120612
0.14786047646403314
0.14800337887853385
0.14701561568528415
0.1462348293170333
0.1454184728115797
0.14425063408762218
0.14495782538801433
0.14513871848285198
0.14228702576756477
0.14134830069690943
0.14110586795061827
0.14325350751578808
0.14111062105745076
0.1393358921289444
0.1404664560005069
0.13950431474745273
0.13849354062378408
0.1372101280465722
0.13663597604632377
0.137138301281631
0.13347983513623476
0.134024169357121
0.13355904834121465
0.1335093290001154
0.13458807374984025
0.134368544895947
0.13159969900846483
0.13083694234788418
0.12973447623103856
0.13007388213425874
0.12901174306720495
0.12835982728153467
0.12934633788764477
0.12961190757006408
0.12687458933740856
0.12677526553422214
0.12620695916488767
0.12628667496591806
0.12591453957110643
0.12653013919293882
0.12704025506675243
0.12423547018170357
0.1248358641937375
0.12406618268489837
0.12364618639275432
0.12430615863576532
0.12163077443391085
0.1209615813292563
0.1212149008795619
0.120893146391958
0.12035723142549395
0.11977228699624538
0.1188039960756898
0.11948940290138126
0.11921805508807301
0.11954073815941811
0.11853108366057277
0.11726938830763102
0.11640284527689218
0.11611991135627031
0.11439932805299759
0.1161459832072258
0.11514334022328257
0.1143695437014103
0.1135143495425582
0.11413465367481113
0.11281660337671638
0.11338975582048297
0.11262726884633302
0.11222338369190693
0.11115737218335271
0.11152728752195835
0.11202246035560966
0.11091056812629103
0.11066237327754498
0.11054078211635351
0.11147451626360416
0.10941913811564445
0.11087349969595671
0.1097625839971006
0.10952568275257946
0.10948522636443377
0.10814068170040846
0.1092292689435184
0.10809719585254789
0.10788713735565543
0.10930588623285294
0.10821583142392337
0.10546724231615663
0.10540056931190192
0.10639975946210324
0.10691584834679961
0.10607579802870751
0.10448867651447653
0.10448306273519993
0.10429248545616865
0.10415343155972659
0.10333607018180191
0.10272483201622963
0.10358139023855328
0.10075656170733273
0.10305329830236733
0.10240643704906106
0.10221373869366944
0.10232598852962256
0.10214165145978332
0.10162227211073041
0.10214932301715017
0.1022262272566557
0.10100349322482943
0.1009303838621825
0.10124131499603391
0.10204555853195489
0.10120987212099135
0.10099157551862299
0.1004003635071218
0.09958487243428826
0.10031316648982465
0.09913096934258937
0.09841874803230166
0.0991432914186269
0.09891795607656241
0.09755917567498983
0.09777808236591518
0.09694588096886873
0.0963889832843095
0.09829600806981326
0.09663354999944568
0.09497070981599391
0.09530976723730564
0.0961542915482074
0.0952530672095716
0.09466512624397874
0.09484575823843479
0.09498240021951497
0.09502166134566069
0.09369080836735666
0.09370392169840634
0.09333030995465814
0.09346542360074818
0.09346107711158692
0.09370942788049579
0.0924311738088727
0.09213516874015332
0.09254754138700665
0.09276641535367816
0.09250126772150398
0.09190443559288979
0.09319878965690732
0.09156158215142786
0.0910302821867168
0.09228570259921252
0.0915302691578865
0.09200362026430667
0.09125300059877337
0.09057090911082924
0.09117107733562589
0.09050700944848358
0.08986041312739253
0.08992723555713893
0.09035414064340293
0.08991939269304275
0.09029845759905875
0.09063715687002986
0.0912825024574995
