0.6511071207046509
0.281992070889473
0.20199463217258454
0.16570874135494232
0.14361923084557057
0.13059702894091607
0.12148400579094887
0.11150678596943617
0.10530753673017025
0.10205662098675966
0.09685668185651303
0.0891347270950675
0.08482560520023108
0.07977819193527103
0.07758396029323339
0.07690118006030097
0.07428726458223536
0.07191125800106675
0.07244840857926756
0.0712200924731791
0.06805769722284749
0.06581420515216888
0.06663352201883681
0.06364174661394209
0.06200509538408369
0.060752830370655285
0.05754574536625296
0.056643205656437205
0.06055688866451383
0.057847621932905165
0.05741679204811808
0.05392745421023574
0.05446937236157246
0.05450482765033376
0.05394111774691846
0.05571376614944311
0.05243169627031311
0.05122741301706992
0.051359716185368595
0.05155637031435035
0.0512531112018507
0.05246144554896746
0.05134833812660072
0.04910316362454323
0.04871566346102627
0.047314014559739735
0.047747668292210436
0.04827503963781055
0.04614487579006236
0.04729793856111355
0.04563063517018454
0.046472628238098695
0.0467638080938952
0.04693456810421776
0.046535662263364065
0.046021258594235406
0.04548865061762044
0.04634751787322457
0.04545927832195885
0.04431969415469211
0.044957423919445134
0.04421068582432344
0.04315666014627204
0.04185884675207781
0.042615289132168985
0.042867298930347894
0.04503141691457713
0.0440162568435655
0.044064959022850965
0.04282840505964705
0.043614480142772666
0.04319153262012696
0.04403324939651357
0.04352233954459662
0.04387426140084281
0.041720125440784614
0.04229825820133556
0.04155969845106593
0.04050783276699949
0.041596947252872635
0.0436127885584021
0.042274897884979144
0.04336412842206774
0.04361069749000017
0.044003734225808874
0.041595929773914395
0.04190763674023328
0.040885054246761136
0.03962360076876066
0.04041473810652969
0.04071280988971412
0.03964323807209439
0.039925569658519816
0.038857196115504485
0.04099465287245694
0.04044383826662379
0.0392516190334165
0.03896678819789086
0.036812988219209364
0.040130960215919186
0.039206416484789224
0.03827240802508895
0.04007676334081916
0.03854276915790688
0.03770367809558811
0.03807010602055816
0.03764154356224171
0.037055192574608375
0.036960160114082104
0.038474325829814186
0.037697115885087985
0.03815328025101917
0.037596075748326255
0.03692867176333966
0.03661771868263604
0.03644049148973718
0.037266937860152394
0.03739403352866648
0.03657064689057297
0.038784220584254944
0.037594106479721084
0.038709076628201
0.03751836102181114
0.03671784403248457
0.03632148006406351
0.03706728909120138
0.035213448816593156
0.03677877606319817
0.037685978602129036
0.037549502271869276
0.037514937776273294
0.037458730007849224
0.03656923766174878
0.03739463296077593
0.03712860204265307
0.037556309272949874
0.03570734812171868
0.03564810191186116
0.03485226155243436
0.03746425671466932
0.03430801428866107
0.03669811014675288
0.03601620823842822
0.03723949799292022
0.037200961780772195
0.03636372849117761
0.03544901150350342
0.035314394987824196
0.034599799542003894
0.034312840412944204
0.03550969877457828
0.03656518298280134
0.03498428172657441
0.037086536692644584
0.03706725930792309
0.03822598359940166
0.0360830678079481
0.0371537274491915
0.037586280511575754
0.03596924937288859
0.03526457294954453
0.03617155728645885
0.03485087567341252
0.03646739935862279
0.035640508795235656
0.035855560147347566
0.03427992008404981
0.03660884440901136
0.03516572664790001
0.0340476202931357
0.034951315640537356
0.03544145162525965
0.036089188035763074
0.03651453397460573
0.03556613275122581
0.03446787733282981
0.03624184009397431
0.0347392574325233
0.036474203420845154
0.03567307496148569
0.03548190660487016
0.03638313930719159
0.03467864158138982
0.03434755034168192
0.03581239778290474
0.03480269622437263
0.03523645820243691
0.03485926155511988
0.03457410903567943
0.034839916283461204
0.03591014874804023
0.03501376741490967
0.03225763311602932
0.03287803225213138
0.03351933988444362
0.03421701977059565
0.03358342817772791
0.03406130938674542
0.03252900638552965
0.031305614481397785
0.033254952365809005
0.03251348750584293
0.03411117327469692
0.03315883864089265
0.035493306532192216
0.034554031477624085
0.03402362873475504
0.033056719827505
0.03304132248058595
0.03344073974933272
0.03248411671997455
0.03372348694661487
0.03503043616021023
0.03459974644222857
0.033839767038733405
0.03499229162788979
0.033508498065022284
0.03408965816971322
0.03561134219049564
0.03637418008243185
0.03462224258489805
0.03452294959515566
0.0344409121065808
0.034776308523983605
0.03431201371806965
0.03279569251371067
0.03486169308997196
0.03258257572610018
0.03277566329283727
0.03526762685133945
0.03426156627167802
0.034399819521834435
0.034936946400714076
0.033915344043929506
0.03353352681512406
0.033542985250934
0.03318340279176409
0.03214958938092313
0.033188417523207316
0.034061730315111345
0.03166569315364031
0.03182409071071015
0.0326414174932841
0.033971391183065136
0.033084898308216364
0.032299122171130144
0.03397533341088565
0.0333488633397792
0.032691977653454524
0.03158762293971958
0.03240083137248439
0.032065436786400094
0.03321311268229256
0.03268696877868279
0.03270394985510939
0.03189457782352693
0.03271152600949717
0.03263432474297078
0.032418131738636294
0.03148496889545204
0.03301302285187521
0.032077995354650196
0.032151109387227914
0.03371189252877157
0.03310238596087802
0.03242207564210694
0.03255373388284788
0.03264020335298992
0.033722389052042855
0.03353164353632165
0.034387725016896
0.034932504873231664
0.03408943325936416
0.03204697644074186
0.032857695194397823
0.03167492257305712
0.033002658477619115
0.03282313572964267
0.03288867880360631
0.03248733844908275
0.033596688955179706
0.03421310659340088
0.03412078530295621
0.03498698937810186
0.03217908078264736
0.03185382028567983
0.031977624924224804
0.033880192733413424
0.03335263890023343
0.03303922158422356
0.03246849052453763
0.033555874564807894
0.031893302735289765
0.03160617391812703
0.031091428578169142
0.033480680357236996
0.03206772062277378
0.0325230684407783
0.03359080182602774
0.03273818396562274
