10.46
21.84
26.45
31.53
34.35
37.34
39.39
40.62
42.82
44.0
45.34
46.05
47.1
48.27
48.22
48.94
49.16
49.85
49.45
49.97
50.11
50.13
50.55
50.04
50.53
50.83
50.76
50.28
50.9
51.29
50.87
51.04
51.21
51.65
51.21
51.87
51.98
51.93
52.48
51.95
52.51
52.76
52.59
52.19
52.36
52.21
52.41
52.26
52.68
52.57
52.69
52.5
52.95
52.63
53.05
52.88
52.85
53.38
53.1
53.17
53.01
53.02
53.26
53.19
53.37
52.76
53.33
53.55
53.37
53.46
53.45
53.3
53.78
53.57
53.61
53.65
53.54
53.05
53.23
53.83
53.52
53.82
53.58
53.77
53.55
53.56
53.33
53.47
53.64
53.55
53.61
53.97
53.8
53.7
53.37
53.62
53.66
54.17
53.79
53.21
53.47
53.91
53.52
53.96
54.02
54.1
53.88
53.83
53.96
53.55
53.7
53.47
53.7
54.09
53.78
53.85
54.04
53.53
53.8
53.98
54.02
53.94
53.92
53.38
54.12
54.02
54.29
54.03
53.83
54.27
53.8
54.17
54.11
53.69
53.58
53.91
53.79
54.22
53.77
53.99
53.76
53.86
54.17
53.7
53.68
54.01
54.13
53.58
53.62
54.38
54.34
53.87
53.75
54.01
53.6
53.95
54.27
53.83
53.93
54.23
54.27
53.46
53.69
53.82
53.97
53.89
53.61
54.01
54.37
53.93
53.97
53.41
54.07
54.07
54.11
54.31
54.34
53.94
53.74
53.4
54.12
54.14
53.36
53.94
54.09
53.82
53.82
53.98
53.99
54.32
54.54
54.02
54.06
54.21
53.73
53.77
54.1
53.91
54.01
53.9
53.8
54.1
54.26
54.3
54.29
54.21
54.26
54.03
53.6
53.31
53.74
53.79
53.86
53.78
53.96
54.29
54.13
53.98
53.67
53.88
53.75
53.78
53.86
53.52
54.04
54.27
54.38
53.69
53.53
53.92
53.83
53.95
54.01
54.03
53.86
53.83
53.89
54.31
54.22
53.82
53.89
54.21
53.96
53.82
54.45
53.86
53.83
53.91
54.09
53.97
54.05
54.2
54.04
53.91
53.97
54.36
54.28
53.78
53.7
53.95
54.16
53.96
54.0
54.27
54.23
53.78
53.94
53.93
53.71
54.27
53.9
54.01
53.99
53.95
54.19
54.02
53.62
53.58
54.14
54.09
53.96
53.95
53.83
54.07
54.2
54.04
54.41
53.99
53.99
54.09
54.45
53.96
54.59
54.01
53.86
53.97
54.05
54.28
53.9
53.75
