2.30338973197937
2.303211016464233
2.303029674911499
2.3028541889190675
2.3026805477142336
2.302489139175415
2.302302620315552
2.302132010650635
2.301924321746826
2.3017421882629394
2.301561072540283
2.3013475502014162
2.301130892944336
2.3009257068634033
2.3007329238891603
2.300517238998413
2.300315153884888
2.3000982501983644
2.2998637016296386
2.2996238330841066
2.2993504817962647
2.299066730117798
2.29875574836731
2.2984547927856447
2.2981182640075684
2.2977614826202393
2.2974166015625
2.2970405227661135
2.296631095123291
2.2961685707092285
2.2956470394134523
2.2951101905822755
2.2945008659362793
2.293879984664917
2.2931633934020996
2.2924140384674074
2.291597834396362
2.290713971710205
2.2897987731933593
2.288635637664795
2.2874789321899414
2.2862594928741453
2.284885375595093
2.2832379344940184
2.281392974090576
2.279468537902832
2.27725147857666
2.2749230602264405
2.2724780479431153
2.2696145053863526
2.2664123706817625
2.2631299434661867
2.2596882747650144
2.256161902999878
2.2520715995788576
2.2477428901672365
2.2430761207580567
2.238068209075928
2.2325199501037596
2.2271786434173584
2.2210982204437255
2.2141165294647216
2.20720419921875
2.1995362495422364
2.191514204788208
2.1832638904571535
2.175985316467285
2.1681489753723144
2.1615420688629152
2.1547555870056154
2.1476015054702757
2.1423867403030394
2.1367418308258057
2.1308803680419923
2.126600912094116
2.121550673866272
2.1170975500106812
2.1119478828430176
2.108042772102356
2.104505475616455
2.100942953300476
2.095148462867737
2.09401934337616
2.0876779844284057
2.0831540134429933
2.07798656578064
2.0749872463226318
2.0696782537460328
2.0663893390655517
2.0609298616409304
2.056901129722595
2.0511193201065065
2.04725632686615
2.0432682640075686
2.036870613670349
2.0318763246536253
2.0302763891220095
2.020387331199646
2.0173710760116577
2.0104371212005616
2.005054337120056
1.9986031160354614
1.9930459392547608
1.9843779439926148
1.976840620803833
1.9709886781692505
1.9636138780593873
1.9574269872665406
1.9515850471496583
1.946136286354065
1.943307480430603
1.9363302911758422
1.9315468633651733
1.9250343000411987
1.9212392925262451
1.9179865030288696
1.9098456844329834
1.9075350776672364
1.9041203157424926
1.8963102506637572
1.8906842924118041
1.8853118467330932
1.8824078077316284
1.8771114151000976
1.874001293182373
1.864234760093689
1.8658563787460327
1.8542360767364503
1.854903367805481
1.8449510166168213
1.8379156772613525
1.840592447090149
1.830220509147644
1.8288340532302856
1.8172006296157837
1.814707413673401
1.8076783967971801
1.804534083175659
1.80020811252594
1.7943941816329956
1.7900639995574952
1.790133441734314
1.7820837371826173
1.7835102806091307
1.774898505783081
1.7675050695419312
1.7635107564926147
1.7627680389404297
1.7574206071853637
1.752553798675537
1.749646664237976
1.7447926919937133
1.740625980567932
1.739040337562561
1.7346902128219603
1.7314252696990966
1.729286951637268
1.728385514640808
1.721576143836975
1.7201041515350342
1.715232721710205
1.7114769056320192
1.7103352293014527
1.7052865505218506
1.7054800489425659
1.701461580848694
1.698012112045288
1.6943303937911987
1.6930849935531616
1.691532193374634
1.6849253921508789
1.6860990243911742
1.6804733711242676
1.6760980262756349
1.6763647232055665
1.678239881134033
1.667565523338318
1.664439600944519
1.6599825986862182
1.6579177961349487
1.654833744430542
1.652507045173645
1.6500422359466553
1.6465101066589356
1.6422062826156616
1.6420268779754639
1.6390656368255616
1.636292861366272
1.635283644104004
1.635109889793396
1.6277102369308472
1.6259343980789185
1.620193772315979
1.6167268856048584
1.611922313117981
1.6132136381149291
1.609314945793152
1.616919145965576
1.5990151916503905
1.601304691505432
1.5950110250473022
1.5923819684982299
1.5900339679718019
1.585824125099182
1.5829972343444825
1.5808679731369017
1.5832922580718993
1.577509963607788
1.5748327919006349
1.5693141887664794
1.5662207126617431
1.5680296411514283
1.562593879699707
1.5638378997802735
1.5611837259292602
1.5564403070449828
1.5541390279769898
1.5558813293457032
1.549601664161682
1.5492508306503296
1.5440894674301147
1.5474980461120607
1.5433129148483276
1.5442557262420655
1.5404019834518432
1.5395994110107423
1.5362573677062987
1.533776576423645
1.5335520542144776
1.5307568950653077
1.5255034685134887
1.5275985675811767
1.5212623207092286
1.5218631820678712
1.5198901296615601
1.51631588306427
1.5196131483078004
1.516683222770691
1.51831996383667
1.5171618227005006
1.510615963935852
1.5074194673538208
1.5124713453292846
1.5055832790374757
1.5069938682556152
1.5020726293563842
1.5061312364578248
1.4983862781524657
1.4965699928283691
1.4993521167755126
1.491499683189392
1.4915217567443848
1.490160440826416
1.4912893545150756
1.4879789669036865
1.48551194896698
1.4836122774124145
1.4871613359451294
1.4804585941314696
1.4771542165756226
1.4779222871780395
1.4812628118515014
1.4746298601150514
1.473781775856018
1.4743786113739015
1.473350666809082
1.4690170318603515
1.4693994148254395
1.4730214700698852
1.4645877534866334
1.467529810523987
1.4646163284301759
1.4602329084396362
1.4641749017715453
1.4574087648391723
1.4604507551193238
1.4557581001281739
1.451560845375061
1.4759105712890626
1.4546919330596924
1.4528360410690309
1.4494103475570679
1.4481074115753174
1.447725280570984
1.4463511547088623
1.4442224426269532
1.443107601737976
1.4421770378112793
1.4398292192459106
1.4396517547607421
1.4388407215118408
1.4403841667175292
1.4365150390625
1.4345358415603637
1.4335343072891236
1.4352441423416138
1.4436738931655884
1.4295820734024047
1.431285242843628
1.4298210523605346
