10.03
10.7
10.99
12.16
12.89
12.32
13.88
15.31
15.55
15.87
17.16
16.9
18.97
20.27
22.35
22.78
24.06
24.66
25.13
26.3
26.93
27.64
28.47
29.84
30.71
31.91
32.9
34.13
35.43
35.94
37.36
37.64
38.58
39.26
39.66
40.22
40.16
40.84
41.27
41.43
42.48
43.31
43.76
44.01
44.68
45.07
46.01
46.31
46.76
47.41
47.39
47.8
48.27
48.37
48.78
49.03
48.74
49.78
49.7
50.45
50.03
50.4
50.9
50.95
51.02
51.19
50.86
51.34
51.81
52.34
52.31
51.92
52.38
52.31
52.87
52.9
52.97
53.37
53.34
53.67
52.85
53.2
53.74
53.59
53.98
53.35
53.76
53.79
54.0
54.34
54.08
54.13
54.3
54.09
54.83
54.42
54.56
55.0
55.04
54.75
54.79
54.72
55.14
54.96
54.96
55.41
55.09
55.01
55.09
55.41
55.37
55.47
54.89
55.0
55.04
55.11
55.16
55.24
54.99
55.43
55.57
55.6
55.27
55.4
54.95
55.51
55.52
55.81
55.55
55.56
55.41
55.62
55.41
55.79
55.83
56.44
56.05
55.83
56.17
56.03
55.99
56.09
55.79
56.07
56.11
55.83
55.97
55.78
56.15
55.93
55.92
55.73
56.24
56.04
56.0
56.61
56.41
56.75
56.65
56.48
56.52
56.56
56.81
57.06
56.26
56.19
56.25
56.49
56.65
56.66
56.48
56.56
56.56
57.02
56.91
56.73
56.89
57.09
56.69
56.4
57.09
56.55
57.15
56.78
56.69
57.09
56.92
57.01
57.2
57.28
57.03
57.14
57.19
57.39
57.25
57.3
57.19
57.13
57.54
57.55
57.37
56.8
56.61
57.35
57.41
57.23
57.29
57.2
57.3
57.27
57.69
57.59
57.71
57.14
57.72
57.51
57.47
57.43
57.35
57.55
57.42
57.35
57.24
57.06
57.21
57.56
57.46
57.78
57.73
57.71
57.8
57.56
57.76
57.51
57.39
57.57
57.52
57.78
57.18
57.56
56.99
57.42
57.47
57.0
57.01
57.22
57.21
57.59
57.32
57.63
57.83
57.7
57.83
57.6
57.75
57.68
57.21
57.56
57.59
57.39
57.74
57.58
57.69
57.65
57.51
57.54
57.59
57.48
57.37
57.47
57.76
57.52
57.84
57.78
57.98
57.52
57.61
57.69
57.71
57.62
57.3
57.61
57.91
57.58
57.68
57.42
57.53
57.46
57.65
57.44
57.94
57.86
58.0
57.77
57.38
57.68
57.45
57.64
57.81
57.63
