2.303924126815796
2.3031347381591796
2.3025850936889647
2.301969215393066
2.301237995147705
2.300084380722046
2.298750458908081
2.2965007568359375
2.292810510253906
2.284271940994263
2.2679740310668945
2.2447821468353273
2.2220104194641115
2.1961787712097167
2.1670614158630372
2.1390055698394774
2.108324995803833
2.0745283378601074
2.0406649698257446
2.013233299255371
1.993898832130432
1.973572487258911
1.9544158264160156
1.9346977905273437
1.9099027856826782
1.8862598985671997
1.8571178033828735
1.828708000946045
1.800987859916687
1.7788639852523804
1.753836494255066
1.7271534790039063
1.70702032661438
1.6862487520217895
1.6686094356536865
1.651025548171997
1.6352709957122802
1.6258829418182372
1.608415957069397
1.5930645999908448
1.580509701347351
1.5682569641113282
1.5542053499221802
1.5376732301712037
1.527467765045166
1.5161563920974732
1.5025109098434448
1.4879630868911744
1.4787739107131959
1.468739723587036
1.4590584030151368
1.4543349431991577
1.4443984846115112
1.4383776453018189
1.4300036361694335
1.4211232259750366
1.4200152408599853
1.4119814125061034
1.4048757507324219
1.3972809211730957
1.3950950897216796
1.3944790481567382
1.3890727739334106
1.3804003135681153
1.3806222248077393
1.377946678352356
1.3761695362091064
1.373174414253235
1.3651771879196166
1.3597122026443482
1.3610851482391357
1.373579959487915
1.3612627519607543
1.3618120578765869
1.3571734794616699
1.3481120740890502
1.351804379272461
1.3486696491241454
1.3466643144607544
1.3417049703598023
1.3558134632110597
1.3464298658370972
1.3401321157455444
1.355378109550476
1.3425961708068848
1.3501145055770873
1.3459020545959473
1.3583867752075196
1.3517349084854127
1.3450772985458375
1.3591880449295044
1.357053523826599
1.3528917530059814
1.351720972442627
1.3439987743377686
1.3617116207122804
1.354182837486267
1.3562187673568726
1.3546889179229735
1.358778369140625
1.3732805763244629
1.366513252067566
1.3636630474090576
1.3709072334289552
1.3776409866333008
1.381767440223694
1.3927354557037352
1.3884665758132935
1.389843354034424
1.3897707120895386
1.3943772232055665
1.398838424682617
1.401932919883728
1.4065132495880126
1.4035526027679444
1.4051358213424683
1.4336855503082275
1.428531089401245
1.425977783203125
1.4175494342803956
1.429590982055664
1.4498231370925903
1.4572306230545045
1.4438349266052246
1.4498268409729005
1.4421649715423583
1.4336998958587646
1.4511211713790892
1.4671305723190307
1.4659847166061402
1.4588244709014893
1.451996067047119
1.4461997486114502
1.4546392402648927
1.485462022972107
1.4672440656661987
1.4750638595581054
1.4579475034713745
1.4903822818756103
1.497173836708069
1.475795461845398
1.4845597778320312
1.5108703290939332
1.4866470706939696
1.515641223335266
1.5160431171417237
1.5265795852661133
1.4835897911071778
1.5174593788146973
1.5057799604415893
1.506450428581238
1.5133814945220947
1.522901153755188
1.5408951816558838
1.536113397026062
1.5094486764907837
1.49816065158844
1.5271036119461059
1.5119089124679566
1.5111525310516358
1.5204916969299316
1.5284477285385132
1.5444091247558593
1.5470137069702148
1.5710472091674805
1.521416030883789
1.5479838638305663
1.570019966506958
1.570921293258667
1.5852072685241698
1.5594742877960206
1.5614061418533325
1.546796501159668
1.5535211402893065
1.5606953966140746
1.542543514251709
1.5631421997070312
1.558464785194397
1.5567511247634889
1.5787580755233765
1.591186202430725
1.5916200283050537
1.5707854162216186
1.5527970384597778
1.5824648864746094
1.5551858840942383
1.5652419731140137
1.5573791511535644
1.590411378479004
1.5785513721466065
1.5900433052062988
1.5861232830047607
1.568224603843689
1.5654505647659303
1.5784934284210206
1.599209097290039
1.611618404006958
1.5752458963394165
1.5719239625930785
1.6043923280715942
1.5922722703933716
1.5775368768692017
1.6227701416015625
1.598419358444214
1.5794097579956055
1.5754570571899413
1.6053613410949708
1.5844953327178954
1.5894525314331054
1.6105509689331055
1.6066182104110718
1.6110601839065553
1.63902447013855
1.593612640762329
1.6144679321289062
1.598326060295105
1.6267711456298828
1.6077871068954468
1.62266270942688
1.6418366228103638
1.6030121461868285
1.6269749814987182
1.6296192928314208
1.6229574071884156
1.6139040557861328
1.6123316078186034
1.6222451890945435
1.6518634170532227
1.6138319395065308
1.618810432624817
1.6500227687835693
1.6426510341644287
1.6315526264190674
1.646303001022339
1.630212788772583
1.6475314672470094
1.6389098321914672
1.6679837951660157
1.66113314037323
1.6565154743194581
1.649255565071106
1.6655013193130492
1.6736254148483276
1.6447046316146852
1.6235348636627198
1.6573171794891357
1.6209864952087403
1.6425326229095458
1.646113059425354
1.6291407438278198
1.6636001636505127
1.6597406997680664
1.6529173149108887
1.669683853149414
1.6609430501937865
1.6733514192581176
1.6376918170928956
1.6658774532318115
1.6777434120178223
1.6748003185272218
1.6664236867904663
1.6907870252609254
1.6446976844787597
1.6515122816085814
1.6622184190750122
1.6764327209472656
1.6819867387771605
1.6765678033828735
1.6622552965164186
1.6580508766174316
1.6482228916168213
1.6445884469985963
1.6632942834854125
1.6608400472640992
1.6572664667129517
1.691524150466919
1.686269122505188
1.6579252504348756
1.6750608392715454
1.6905261560440064
1.6890506652832031
1.6911618713378906
1.6926205406188966
1.732311088180542
1.6844221864700317
1.6720849069595336
1.6888907274246217
1.695618389892578
1.6806795749664307
1.6616198913574218
1.6940405006408692
1.6752973709106445
1.6874659748077392
1.6828685411453248
1.6757256044387818
1.6855869594573976
1.689387918663025
1.6851597454071046
1.6978140504837036
1.670064307975769
