10.08
10.47
10.86
11.97
13.65
15.95
18.52
21.79
24.59
26.62
28.46
29.17
29.05
30.49
31.11
31.43
32.64
32.73
33.62
34.4
35.1
35.54
36.29
37.8
38.32
39.11
39.6
40.27
41.13
41.4
42.11
42.41
42.39
42.63
43.85
43.86
43.9
44.68
44.77
45.03
45.64
45.87
46.43
46.33
46.92
46.9
47.0
47.45
47.54
47.67
48.17
48.38
48.39
48.94
49.37
49.44
49.41
50.2
50.06
50.22
50.46
50.68
50.59
51.11
51.15
51.45
51.6
52.17
51.98
52.08
52.27
52.37
53.21
52.76
53.01
52.9
53.15
53.07
53.53
53.81
53.88
53.7
53.73
54.0
54.1
54.03
54.07
54.29
54.78
53.94
54.51
54.72
54.43
54.64
54.25
55.13
54.95
55.32
54.88
54.92
54.48
55.15
54.8
55.29
54.84
54.87
55.22
55.19
54.62
54.84
55.17
55.3
55.13
55.27
55.32
55.39
55.8
55.57
55.9
55.64
55.41
55.7
55.75
55.64
55.3
55.65
56.11
56.08
56.15
55.88
56.05
56.18
55.78
56.26
55.6
56.03
55.59
56.0
55.91
56.08
55.75
55.68
55.66
55.99
55.98
55.8
55.55
56.08
55.71
55.82
55.76
56.16
56.14
55.74
55.62
56.29
56.25
56.12
56.36
56.32
56.37
56.35
55.68
56.07
55.88
56.1
56.68
56.63
56.43
56.65
56.72
56.95
57.05
57.01
56.76
56.32
56.82
56.95
56.53
56.92
56.69
56.66
56.56
56.76
56.67
56.66
57.0
57.18
56.8
56.51
56.88
57.27
56.89
57.32
57.11
56.5
56.49
56.88
56.86
56.78
56.97
56.75
56.85
57.01
57.14
57.29
57.08
57.21
57.15
56.98
57.09
56.92
57.22
57.16
57.12
57.04
57.29
57.36
57.47
57.11
57.3
56.84
57.19
57.55
57.75
57.7
57.35
57.63
57.8
57.55
57.4
57.07
57.38
57.35
57.7
57.47
57.08
57.61
57.58
57.6
57.02
57.02
57.07
57.47
57.41
57.14
57.15
57.19
57.1
57.34
57.71
56.99
57.01
57.22
56.76
57.49
57.38
57.15
57.18
56.7
57.31
57.0
57.07
57.56
57.51
57.38
57.25
57.64
57.49
57.42
57.12
57.51
57.09
57.19
57.24
57.51
57.33
57.19
57.12
57.15
57.37
57.11
57.31
57.31
57.32
56.93
57.5
57.66
57.54
57.66
57.65
57.52
57.4
57.72
57.75
57.5
57.45
57.49
57.55
57.26
