2.2998211002349853
2.2963188758850097
2.2914695198059083
2.283281432723999
2.2694365249633788
2.2459434368133544
2.2114043212890624
2.162796780395508
2.127167575645447
2.0998252084732054
2.07198450088501
2.0443546800613404
2.0135873653411864
1.9857018850326538
1.9569312158584595
1.9301919525146485
1.9008076499938964
1.8810325635910035
1.853130860710144
1.8271451791763305
1.8026996631622314
1.7866838558197022
1.7591108894348144
1.7316657312393189
1.7080836990356445
1.685900604057312
1.6635798795700074
1.6496548238754272
1.624877688598633
1.6149826696395875
1.6040544946670532
1.5891936243057252
1.5937781732559204
1.5779884674072266
1.5604695604324341
1.5480426683425903
1.542199088859558
1.5265553413391113
1.5196034154891969
1.5083035732269288
1.502012547302246
1.4920583431243897
1.4804597280502318
1.4768011463165283
1.4722171239852906
1.4613861747741699
1.45905604057312
1.4501940563201905
1.4569025262832642
1.4419317155838012
1.432911891746521
1.4260960041046142
1.4286504114151002
1.4175354833602904
1.4066481712341308
1.4097303590774537
1.4036638715744019
1.3958039379119873
1.3925146963119506
1.3866593515396117
1.3819121141433717
1.3771878633499146
1.3729750400543212
1.3665323598861694
1.3737104950904846
1.3647119371414185
1.3541611173629762
1.3527571972846986
1.3484623435974121
1.3425863419532775
1.34565767660141
1.3555002880096436
1.3360497398376465
1.334351622581482
1.3343184707641602
1.33622769947052
1.335580636024475
1.3247728386878967
1.3290182366371155
1.3238489035606384
1.331650707912445
1.330991819190979
1.3428708972930907
1.3311335173606873
1.318295445537567
1.3292253472328186
1.3330299427986145
1.3280446761131286
1.3177056470870971
1.3420089937210082
1.3462891486167907
1.3306681189537048
1.330336770439148
1.3360382649421692
1.3344494108200073
1.3467747259140015
1.3438221027374269
1.3430964242935182
1.348607483482361
1.359968141555786
1.359375787448883
1.3701381726264954
1.3720994264602662
1.365978030014038
1.363236044406891
1.364438077545166
1.3682573786735535
1.3780274227142335
1.3802867732048034
1.3847995189666749
1.3682947681427002
1.3716125950813294
1.3928884530067445
1.4043975429534912
1.3891319692611694
1.3931463003158568
1.4053637998580932
1.4023825450897216
1.3983570353507995
1.3988223658561707
1.4058329697608947
1.408267103099823
1.4172407608985902
1.4441098873138427
1.4196920749664306
1.448620010948181
1.4467700523376466
1.4275266550064087
1.4183327283859253
1.425382807159424
1.4357207216262817
1.428185428237915
1.4299499628067016
1.4396414842605592
1.4659610977172852
1.4379662155151367
1.4666848209381103
1.4665809795379638
1.4620863286972046
1.465702511024475
1.4814078495025635
1.4758524883270263
1.4897949752807618
1.5051933797836303
1.4850919452667237
1.5076259845733642
1.511220934867859
1.5125383033752442
1.5037831861495972
1.5057635858535767
1.4887607961654663
1.5078763538360596
1.4996953231811523
1.5140935382843017
1.5149088352203368
1.506434616088867
1.517080841445923
1.5191225482940673
1.4866474899291993
1.4944331785202027
1.5185587265014648
1.5321794933319093
1.5564649534225463
1.5330292373657226
1.5240811948776245
1.5619597890853882
1.5388327297210693
1.5271317665100097
1.5326149532318116
1.5357321935653687
1.524603699684143
1.5407613275527954
1.543758762550354
1.5503939186096192
1.5628644340515137
1.5538640785217286
1.5431326713562012
1.5433961736679078
1.5414230611801147
1.5314163806915284
1.5462254936218263
1.542546809577942
1.556201868057251
1.563786873626709
1.5466781261444091
1.543008900642395
1.5547810077667237
1.5794348718643187
1.5685687957763672
1.57346875705719
1.5687667964935303
1.5682423538208008
1.5724580821990968
1.5871154825210572
1.5844226093292237
1.5706349994659423
1.5937362659454346
1.5818329698562623
1.5718985637664795
1.5813393468856811
1.6031104513168335
1.6011216178894043
1.5862326257705688
1.592841336250305
1.5917885972976684
1.5659751642227173
1.5843487434387207
1.5815462856292724
1.5794533742904664
1.5936367191314698
1.5949114835739135
1.600664647102356
1.61496576423645
1.603709477043152
1.6247626874923706
1.592198201751709
1.5975781883239746
1.603532052230835
1.6130030548095704
1.6110051750183105
1.591914225769043
1.6216830276489258
1.5990376163482667
1.5872320322036744
1.5916316324234008
1.5999056163787841
1.620980728149414
1.6213642498016358
1.6203927619934082
1.6203415550231934
1.6163757778167724
1.6347171073913573
1.632194220161438
1.625055121421814
1.6245515298843385
1.6120015975952149
1.6253122524261474
1.636452352142334
1.633284765434265
1.6613744417190552
1.657979577255249
1.6432112396240235
1.65558288936615
1.6828187395095826
1.6805032667160034
1.65160198097229
1.6704455848693847
1.6589780334472657
1.6973750526428222
1.6816731658935546
1.6843318389892579
1.6797249830245973
1.6417779851913452
1.656692127609253
1.685730872154236
1.694281660270691
1.691124489402771
1.6778276258468627
1.672409903717041
1.6808879316329957
1.647422708129883
1.6576743482589722
1.6736763586044312
1.647127338218689
1.668014388656616
1.6908439081192017
1.6678436904907226
1.6862188188552856
1.6846430412292481
1.6453925636291504
1.6895738149642945
1.6969575201034546
1.696182877922058
1.6882658681869507
1.6749989959716798
1.6949270792007447
1.6827975492477416
1.6916403282165526
1.6815243854522706
1.7009174808502197
1.683921604537964
1.685455718421936
1.704620048904419
1.6829472707748414
1.721767089653015
1.6952176567077637
1.693322590827942
1.7072989721298217
1.707933568763733
1.711923985862732
1.7183797534942626
1.7365966711044312
1.736006220817566
1.7089865627288818
1.703199314880371
1.710461317253113
1.720417813873291
1.6837022026062012
1.695169153213501
1.7051917247772217
