2.2939843772888184
2.1785028812408447
2.0233157411575315
1.9149345611572266
1.8151151552200318
1.7341388078689575
1.6731217018127442
1.6256008403778077
1.588002615737915
1.5592261156082152
1.543034457206726
1.5204993570327758
1.5091494710922242
1.5076563943862915
1.527389570426941
1.5440528276443481
1.5476578117370605
1.5901599603652954
1.5944139167785645
1.6326517974853516
1.649172435760498
1.6590199600219726
1.6783693096160888
1.6742659341812134
1.6734837034225465
1.7092937273025512
1.7037087646484375
1.7036418073654174
1.7286268711090087
1.6960621034622192
1.733228098487854
1.7545995037078856
1.718645917892456
1.7002297235488892
1.705981974220276
1.782534162902832
1.736578664779663
1.7694612878799438
1.7460288082122803
1.7433260581970216
1.7423750148773194
1.7414338684082031
1.747742134475708
1.7379607404708863
1.7666336330413819
1.6864827590942382
1.7087317167282106
1.7691474248886108
1.7878759172439576
1.737574956703186
1.7728117143630981
1.7389174730300903
1.7604250890731812
1.7588704853057862
1.7517279542922974
1.7855651611328125
1.7586423341751098
1.7461828680038451
1.7503266702651978
1.7781781820297242
1.7723743616104126
1.7622538545608522
1.7674528202056885
1.7737560544967652
1.763639556121826
1.7605747680664063
1.7823707288742066
1.8032964710235595
1.796095724105835
1.7603707870483398
1.807663724899292
1.7721040252685547
1.7731063665390014
1.8279084270477295
1.8147901279449463
1.7928267097473145
1.8127736536026
1.7770483539581299
1.8105172079086305
1.7890025598526
1.8104511169433595
1.8170338466644287
1.82061028881073
1.80578807888031
1.8249396896362304
1.8250153671264648
1.827512606048584
1.8256659275054932
1.801746462059021
1.8165077138900756
1.7893939626693725
1.8664631929397584
1.8533340730667114
1.8586692249298096
1.8737427297592164
1.8876894451141357
1.8398842048645019
1.8834139043807983
1.8393955739974976
1.8189894941329956
1.8251562808990478
1.8504904447555541
1.8104863576889039
1.8520925827026367
1.8462478845596313
1.8545256666183472
1.8729126766204833
1.861664789390564
1.8515524089813233
1.843664398574829
1.8763693294525146
1.8795831546783448
1.8621335048675538
1.8567505361557006
1.8773085563659668
1.8513804416656494
1.8960256000518798
1.8954713710784912
1.8650127866744994
1.8974359006881714
1.895070872116089
1.8854439294815064
1.8862640699386597
1.876584924507141
1.9093373085021972
1.8730062938690186
1.8688478895187377
1.8689188488006592
1.933096321105957
1.8836983585357665
1.9108601711273194
1.8738866815567017
1.8867717325210571
1.8975480918884278
1.941046849822998
1.9026608541488648
1.9396166261672974
1.9038112495422364
1.8910087381362914
1.9486521440505982
1.8829521417617798
1.9234392398834228
1.9011648542404176
1.932636241722107
1.8941682012557983
1.8776644651412964
1.9274210432052612
1.9361400604248047
2.0092065452575683
1.9099113128662109
1.9505270000457764
1.9200056688308715
1.8949705121994018
1.9307902351379393
1.903807799911499
1.9428228202819824
1.940060453414917
1.8854412956237794
1.9387567855834962
1.9706168718338013
1.9496573059082032
1.9640589189529418
1.9405958303451538
1.9537080860137939
1.9454778295516968
1.9639124792098999
1.9607360425949096
1.9431946529388429
2.0098644960403442
2.012159851646423
2.026630004501343
1.9576197006225586
1.9468362438201905
1.9929425498962403
1.9534278697967529
1.943692353439331
1.9509274587631225
1.973463376235962
1.9655004262924194
2.023665071105957
1.9974061433792114
1.9930135366439818
1.9702121917724609
1.9480783504486083
1.9658245796203613
1.9859733024597168
1.9885685457229614
2.00457222366333
1.9738247766494752
1.9588958351135255
1.9651094186782836
1.9674386018753052
1.9481392667770385
1.9866821899414062
2.0075688947677612
2.0234222970962525
2.01004218044281
2.0411048843383788
2.051951762962341
1.9971763034820558
2.0071325874328614
1.960316906929016
2.0381558282852175
1.9766427215576172
2.021048131942749
2.02236409740448
2.066711801147461
2.0435081336975096
2.054373598098755
2.0769117572784426
2.0338014196395875
2.058792662811279
2.043133757019043
2.069963050842285
2.046478441619873
2.069717901992798
2.0432658096313476
2.0248629776000975
2.0473178476333618
2.032645470428467
2.04626416721344
2.0406383443832397
2.0751991188049317
2.0614050073623655
2.0271200092315675
2.0097169166564943
2.0559205516815187
2.046739174079895
2.037620645904541
2.0519876108169557
2.0938652269363405
2.0966700771331785
2.086233044052124
2.019257487297058
2.0695434505462647
2.0976221326828
2.0740237543106077
2.079217170715332
2.051314790344238
2.0785244213104246
2.0774747730255125
2.1123806491851806
2.072624900817871
2.0956276285171507
2.0840223344802857
2.1113117975234985
2.0912589736938476
2.116268310165405
2.1325887718200685
2.1130657299041746
2.105447333717346
2.1299420532226563
2.1822720027923586
2.1302674030303956
2.128525994873047
2.130175281906128
2.1457835636138918
2.1103268508911133
2.146580848693848
2.1390695762634278
2.106032134628296
2.1503873039245605
2.1580540946960447
2.191806164550781
2.138680455780029
2.1124947174072264
2.127813906097412
2.1002400932312013
2.168481504058838
2.098232054901123
2.1517815868377688
2.1095006790161133
2.1106912464141847
2.1489488975524904
2.1613581451416017
2.1779248680114747
2.173333684539795
2.1821330307006837
2.123555145645142
2.1088901905059814
2.170151261138916
2.14974263381958
2.169307640838623
2.1868244049072265
2.170376417541504
2.143064599609375
2.215817943954468
2.1095558048248293
2.1874909706115724
2.1853787994384763
2.1734972873687743
2.154140835571289
2.1935949298858644
2.181748364639282
2.1761287464141845
2.2183884635925293
2.2202913105010986
2.2557029273986817
2.2333051177978516
2.265696622467041
