21.03
22.52
57.57
73.65
81.1
86.34
89.29
90.35
91.6
92.7
93.53
93.95
94.41
94.47
94.84
95.19
95.35
95.78
96.07
96.09
96.19
96.54
96.52
96.53
96.81
96.92
96.69
97.07
97.14
97.05
97.24
97.44
97.5
97.58
97.53
97.59
97.62
97.65
97.65
97.78
97.91
97.8
97.85
97.72
97.88
97.85
97.87
97.98
97.84
98.07
98.16
98.02
98.06
98.15
97.91
98.13
98.34
98.24
98.32
98.25
98.24
98.35
98.27
98.34
98.41
98.38
98.42
98.28
98.28
98.44
98.34
98.35
98.5
98.46
98.5
98.52
98.49
98.58
98.52
98.49
98.55
98.5
98.48
98.53
98.55
98.59
98.56
98.62
98.56
98.64
98.72
98.66
98.62
98.62
98.67
98.63
98.66
98.68
98.73
98.68
98.71
98.75
98.73
98.74
98.62
98.8
98.8
98.79
98.77
98.75
98.72
98.75
98.74
98.76
98.66
98.68
98.7
98.78
98.72
98.67
98.82
98.7
98.77
98.7
98.81
98.83
98.74
98.82
98.84
98.74
98.86
98.61
98.8
98.83
98.75
98.81
98.77
98.78
98.78
98.9
98.8
98.91
98.86
98.74
98.89
98.83
98.83
98.84
98.79
98.89
98.95
98.78
98.91
98.8
98.89
98.8
98.88
98.94
98.9
98.82
98.87
98.96
98.86
98.88
98.86
98.91
98.94
98.88
98.88
98.89
98.91
98.94
98.92
98.9
98.92
98.87
98.94
98.89
98.89
98.9
98.82
98.99
98.91
98.87
98.97
99.01
98.8
98.9
98.89
98.97
98.93
98.94
98.85
98.89
98.93
98.97
98.95
98.96
98.94
98.91
98.99
98.94
98.95
98.97
99.0
98.97
98.95
98.99
98.95
98.99
98.99
99.02
98.97
98.92
98.95
98.99
98.91
99.03
98.95
98.96
99.01
98.98
99.0
98.99
99.0
98.95
99.01
98.96
98.92
98.97
99.04
99.04
99.04
99.04
99.07
99.03
98.99
99.01
98.94
99.05
99.02
99.05
98.95
99.06
99.03
99.05
99.04
99.0
98.98
98.99
99.04
98.99
99.03
99.03
99.0
99.05
99.11
99.08
99.0
99.07
98.98
99.01
99.02
99.1
99.04
99.01
99.05
99.04
99.02
99.03
98.98
99.04
99.02
99.05
99.02
99.07
99.05
99.02
99.01
99.04
99.07
99.06
99.06
99.0
99.0
99.08
98.95
99.07
99.0
99.04
99.04
99.08
99.04
99.09
99.01
99.03
99.05
99.03
99.1
99.03
