2.291443587112427
2.123825444793701
1.9456580150604248
1.8192492433547973
1.7204864248275757
1.6516814151763917
1.5895018846511841
1.5413481206893922
1.5112673007965087
1.4825817733764648
1.4696614889144897
1.4563241075515747
1.4529064586639404
1.4645129487991333
1.4549331642150878
1.509623630142212
1.511765432357788
1.5446417072296144
1.5485273923873901
1.5558490634918214
1.619030598258972
1.6498764263153076
1.647394124031067
1.653443644142151
1.6813030550003052
1.6629158617019653
1.655761895751953
1.6282140645980836
1.6831725339889527
1.6441815256118775
1.6693614255905151
1.6597713335037232
1.7169288177490234
1.6395376039505005
1.6375778141021728
1.6714762548446656
1.6473856168746948
1.6375288040161133
1.684926569366455
1.6731006635665893
1.6864622579574584
1.6586370525360108
1.6621136518478394
1.6425577697753906
1.647479817390442
1.6644475522994995
1.6838269723892212
1.667463906288147
1.7063525201797485
1.660581352996826
1.6835329122543334
1.6774775926589967
1.6831023042678832
1.6725868925094605
1.7043069274902343
1.718332007598877
1.673005249595642
1.6748584562301636
1.6743381114959717
1.6670992338180541
1.6672467309951782
1.7191222869873046
1.6691831464767457
1.6799436971664428
1.690815130996704
1.7344465572357177
1.6974484106063843
1.6709731336593627
1.6943273630142213
1.6882710550308229
1.6493432752609254
1.6880259992599487
1.7073825525283814
1.7107551599502564
1.6947942821502686
1.741898549079895
1.7204899919509888
1.6997711351394653
1.711024303817749
1.7366332305908203
1.6816365903854371
1.7048454612731934
1.744239435005188
1.745098754119873
1.7046048822402955
1.654158946800232
1.6969190685272217
1.7096106391906738
1.7460794136047364
1.754612394142151
1.7443483707427978
1.7486344745635987
1.7130422986984253
1.7642553274154662
1.7498240407943726
1.7411698066711425
1.7616144510269165
1.7311608152389526
1.7373345184326172
1.7155580518722535
1.7413536531448364
1.6997123006820678
1.7354818683624267
1.7591008584976195
1.7377079599380494
1.7470495635986327
1.7419301258087159
1.7357884782791138
1.7637014934539794
1.7396758401870727
1.7284373369216919
1.7268105726242065
1.7815796485900879
1.7572273569107055
1.7668651237487794
1.7600275243759156
1.7584044885635377
1.7341681001663207
1.7986944581985473
1.7458036922454834
1.8321110973358155
1.7543845007896424
1.7591846940994262
1.7159397846221924
1.7906858245849608
1.7744980794906615
1.8250344207763671
1.7794030227661133
1.790892106628418
1.7972604843139648
1.7964517385482788
1.7962461717605591
1.7974708032608033
1.8090406335830689
1.7627224760055542
1.7569688701629638
1.8087600040435792
1.7812224810600281
1.801612572479248
1.7899838369369507
1.861036118888855
1.8506696062088013
1.82158548412323
1.7844854728698731
1.8042444149017334
1.7973762033462524
1.8029581369400025
1.8208139936447143
1.8337102075576783
1.8084371730804443
1.8603044565200806
1.8549596353530884
1.799745086288452
1.8097357147216797
1.8309437223434448
1.7917819219589233
1.787906182861328
1.8285275812149049
1.8358583012580871
1.8441901062965393
1.8530172817230224
1.8327176537513732
1.7746504969596864
1.8443441791534423
1.8605382354736328
1.8441066479682922
1.8060490497589112
1.8478624466896056
1.8430669679641725
1.8720492484092712
1.8890652934074401
1.802518659591675
1.8481845846176148
1.8577678725242615
1.8138310806274414
1.86957027759552
1.8502631397247316
1.88249054479599
1.9038184588432312
1.8739012711524963
1.9099399174690246
1.869439108467102
1.875943532371521
1.8760386206626891
1.8658276478767395
1.8756386708259583
1.8823630016326904
1.866906772994995
1.889235983467102
1.8792912484169007
1.8851893704414369
1.8780602480888366
1.8883055079460145
1.8854875729560852
1.8759890629768372
1.897628368473053
1.924737774848938
1.9213317842483522
1.8561131985664368
1.9454660888671875
1.8932300770759583
1.9198370465278625
1.9176545702934265
1.903553646850586
1.9420000502586365
1.954419882106781
1.9493713801383972
1.984000183391571
1.9338261998176576
1.9324694869041443
1.9295437455177307
1.9298660920143127
1.8858698626518249
1.9175517623901368
1.946675588130951
1.9492587110519408
1.920141292476654
1.9528563896179199
1.9351597257614135
1.926012013244629
1.9123503853797912
1.9065684527397155
1.8990011786460876
1.948992035484314
1.9506369165420532
1.9441361703872682
2.007692162322998
1.993779623413086
1.956598171234131
1.9893932506561278
1.9791479370117186
1.9993479316711427
1.9643842771530151
2.0081037025451662
2.0141693365097044
1.9807079135894776
1.972762186050415
1.9873038161277772
1.9832414485931396
2.0665220504760744
1.988132187795639
2.0280700603485107
2.0659716071128846
2.0053467147827146
2.0101827343940735
2.0128073661804198
1.9991598287582397
1.98619077167511
2.001972311258316
2.054861848163605
2.0110460117340088
2.018703156375885
2.039447159385681
2.0632092218399047
2.0530641321182252
2.0465723682403563
2.0230870370864866
2.004936735153198
2.006993088722229
2.036527740764618
2.0563884580612184
1.985796856021881
2.096467592906952
2.023760627937317
2.0351329713821413
2.031643827724457
2.072844718980789
2.0429877529144287
2.0562354496002198
1.9879305849075317
2.029552548503876
2.027571144580841
2.0287822803497315
2.0281989024162295
2.058731162548065
2.0897894724845885
2.1154142738342285
2.0804021793365477
2.169882932472229
2.0910270705223084
2.0960821112155914
2.11628188867569
2.054470601940155
2.092611779308319
2.0464617504119875
2.0303783553123473
2.0614416920661927
2.097409366893768
2.095589970588684
2.0959068466186523
2.096117856311798
2.0864292092323304
2.122018624305725
2.085824584388733
2.1310398535728456
2.09650904712677
2.073230977153778
2.122011847114563
2.091682176876068
2.1300514413833618
