10.44
10.05
10.98
10.04
10.11
10.87
10.5
10.48
11.13
10.0
10.0
10.0
10.0
11.26
10.07
10.0
10.12
10.82
10.0
10.0
10.0
10.0
11.58
10.0
11.29
10.02
10.0
10.14
11.73
11.74
14.2
10.8
10.0
13.65
10.18
10.0
12.46
12.01
16.04
10.34
13.31
11.06
9.99
10.03
13.91
16.25
14.56
14.78
18.16
14.92
14.86
15.94
12.82
10.49
17.24
14.24
15.93
18.67
14.65
11.46
16.45
18.39
20.79
18.98
19.25
15.83
16.65
17.07
18.75
16.41
23.62
12.97
19.16
11.84
24.21
17.13
16.39
20.75
19.08
20.46
19.31
19.87
19.61
17.65
15.56
15.94
18.41
24.34
21.19
17.01
22.6
22.59
16.34
14.96
25.19
20.46
18.12
20.25
22.05
22.42
21.77
19.82
10.07
22.25
20.5
23.37
16.61
22.78
20.22
13.67
21.28
16.46
25.05
19.44
15.24
19.92
17.65
19.45
23.36
17.25
21.88
23.24
23.48
22.44
23.8
23.32
16.0
25.32
28.27
25.58
15.46
27.31
24.1
27.61
26.49
22.32
21.11
23.57
23.52
22.44
24.89
24.03
23.44
24.2
20.25
26.57
23.44
25.05
19.11
18.71
21.42
21.9
28.46
24.87
22.84
23.44
28.3
29.22
19.16
25.73
27.37
24.94
29.17
20.5
26.03
27.9
27.52
32.67
27.0
23.19
27.08
30.02
27.51
20.41
21.35
24.93
32.19
24.69
29.78
29.36
22.43
21.03
25.85
31.57
32.01
30.03
23.63
20.11
25.63
28.79
30.76
23.29
27.62
20.2
25.17
27.06
26.95
31.11
29.51
18.19
23.51
25.96
20.07
32.54
29.24
24.37
27.41
26.41
23.29
17.77
28.63
21.3
20.61
34.12
25.4
22.92
20.81
24.76
25.97
33.2
31.12
30.15
30.44
31.92
27.96
28.82
34.6
29.0
30.43
21.9
27.48
31.24
25.73
33.45
23.55
24.83
32.06
23.51
30.83
31.57
26.36
31.19
24.01
36.28
27.99
25.72
25.6
30.78
30.83
25.65
30.0
24.9
27.67
33.16
27.38
32.07
34.74
28.13
21.36
24.99
24.09
35.44
23.89
35.19
32.74
25.62
28.89
31.67
27.81
31.16
34.51
33.95
32.81
31.83
31.99
30.19
34.75
36.55
22.67
26.73
32.57
34.63
30.54
31.59
27.28
31.07
37.14
36.18
35.84
32.12
18.22
34.95
28.26
33.04
29.63
29.04
29.12
32.56
31.43
29.32
