2.3038736934661865
2.3035402404785157
2.3035598400115966
2.3033902000427244
2.303102328109741
2.303123463058472
2.303353645324707
2.3030655048370363
2.3029346523284913
2.303003882217407
2.3031480125427244
2.3026894680023196
2.3022489822387695
2.3017924602508546
2.301397013473511
2.3009814876556396
2.300641679763794
2.3022706050872803
2.3030698524475097
2.3052935207366945
2.3162512428283693
2.4258720710754393
2.3503913860321046
2.6880080055236815
2.4823185005187987
2.5359261936187742
2.491877363204956
2.6771845767974853
2.5361776412963866
2.626293759918213
2.8004070629119875
2.586907201004028
2.5794895080566405
2.3735988059997557
2.6003014152526855
3.1901401653289794
2.422565160369873
2.5265130573272705
2.4095552803039553
2.738697756958008
2.4088835571289064
2.410771167755127
3.146685679626465
2.8648412796020506
2.394048161315918
2.4644615871429445
2.4438530883789062
2.348482674407959
2.4178968334197997
2.371518674850464
2.4121856426239012
2.4110056352615357
2.550334083557129
2.6450633098602294
2.4836504344940185
2.26650419921875
2.330841578292847
2.487506308364868
2.452089866256714
2.7219402893066404
2.358840880012512
2.1785272979736328
2.295670265197754
2.256137089538574
2.192102234649658
2.5080300720214845
2.6333345439910887
2.3014223415374757
2.42455008430481
2.408881126403809
2.260330318069458
2.564989340209961
2.306393525314331
2.4809998231887818
2.239103440093994
2.3116268600463865
2.1453453678131105
2.297615462875366
2.203605812072754
2.2485380962371826
2.1463795179367064
2.218798045349121
2.2467553283691406
2.290132544708252
2.303882810020447
2.517357857131958
2.3908455265045165
2.139165183067322
2.2205026485443113
2.442793539428711
2.1785890647888184
2.092725892829895
2.4750709159851074
2.3257597906112673
2.018614049911499
2.211796203994751
2.536034563446045
2.288224507522583
2.47096000289917
2.139691840362549
2.209285004997253
2.2605024269104006
3.1027381477355958
2.1983992664337157
2.2855151878356934
2.0826129384994507
2.4692579277038575
2.2083557622909544
2.229709117889404
2.453181687927246
2.187714228439331
2.2946995653152467
2.15140682182312
2.2736805252075194
2.9915132583618163
2.2138665908813477
2.5036351196289064
2.2574351404190063
2.0987303058624267
2.407514953422546
2.2618264373779295
1.997085443687439
2.057242914009094
2.2320427993774414
2.170532625579834
2.289611449432373
2.4767829635620116
2.1111041719436647
2.0379121088027956
2.102299356651306
2.234985266113281
2.2871938106536867
2.0400040767669676
1.9658593008041383
2.022953315162659
2.3267104742050173
2.227263673210144
2.057339308929443
2.1332268714904785
2.1320922901153563
2.128212392425537
2.091547341156006
2.141400329208374
2.1392860668182374
2.3459422718048097
2.0924372882843016
2.09459446144104
2.072782370758057
2.1522322101593017
2.268826718521118
2.278620344734192
2.124150010681152
2.08766012134552
2.0198305877685545
2.310594184112549
2.218334516143799
1.9903085571289063
1.8886815626144409
2.3890684200286865
2.2051765502929688
2.0400845542907713
2.1239469938278197
1.9392899108886719
2.2779677141189576
2.157087152481079
2.0212924713134766
2.0231014556884768
1.8332322761535644
2.045377886772156
2.2253582397460936
1.9790466081619262
2.0955124340057374
1.944043549156189
2.405462828063965
2.2750095893859865
2.0377584518432617
1.8198755876541137
2.2791440864562986
1.901808427810669
1.9189497972488403
2.1073809577941893
2.4016318897247313
2.2428108116149903
1.9108749797821045
1.9470687313079833
1.911751065826416
2.1392350660324095
2.4288885093688966
2.1341056900024413
1.9670825077056884
1.8586473079681396
2.2027545013427736
1.9715792123794555
2.686055898666382
2.009300785446167
1.9364964881896973
2.067710918426514
1.913036238861084
1.9097619091033935
2.46152945022583
2.2653033544540406
2.0538634176254273
2.291294510269165
1.9028701988220216
1.899138763809204
1.947671118927002
2.0219453798294067
2.2000366580963133
2.4495870063781737
2.5400275146484375
1.9502411548614502
2.4043292293548584
2.602372113418579
1.7553713865280152
2.11444402885437
2.1431065565109253
2.2023284942626953
2.171783014678955
1.9496527580261231
1.7757880781173707
1.875788415336609
1.8367153814315795
1.8971324487686156
1.8532489151000977
2.1202950229644775
1.9169130651474
1.8408729486465454
1.9776307216644287
1.8543774759292602
2.231206283569336
1.943766467666626
1.9708050102233887
2.0357376876831053
1.765699189376831
2.195112435531616
2.20679010848999
1.7858176853179932
2.027955801010132
2.07441693649292
1.9151807107925416
2.0267868158340456
1.9408009391784669
2.3949917850494384
1.732325305747986
2.019845697402954
2.0758483402252197
2.160817448425293
1.9265874557495117
1.8597305141448974
2.0044901138305664
1.9314871877670288
2.0356905181884764
2.0297364181518556
1.850384494972229
1.9424972942352294
1.913587598991394
1.8254196086883545
2.0365487129211424
2.265213631057739
2.1667315755844117
2.0941369541168213
1.7534583549499512
2.173326036453247
1.7609095775604249
1.9039410453796386
2.14747713470459
1.9308158142089844
1.8784409023284911
1.9733217308044433
1.9244369346618653
1.8124681894302368
1.7691097654342651
1.8792566738128662
1.7955855335235595
1.8640562377929688
1.9391930397033692
1.8291796699523926
1.7282026685714722
2.3248646295547486
2.011533282852173
1.9839300691604613
1.8020890048980713
1.8464785335540772
1.8136288467407227
2.071741630935669
1.8766571949005126
1.7088507026672364
1.7113797376632691
1.7878230501174928
1.8542464952468871
2.635304200363159
1.7439952091217041
1.9967508285522462
1.922128271484375
1.9701679481506347
1.9930679237365723
1.9427791711807252
1.8056792861938478
1.8335464223861695
1.976135479927063
