32.37
55.87
76.13
81.93
83.53
87.42
89.05
89.39
90.63
92.04
92.7
92.82
93.25
93.8
94.11
94.12
94.47
94.48
94.96
95.04
95.13
95.19
95.39
95.48
95.66
95.74
95.86
96.05
96.06
96.12
96.27
96.41
96.18
96.4
96.4
96.52
96.41
96.61
96.52
96.66
96.69
96.84
96.81
96.66
96.77
96.88
96.82
96.8
96.99
97.12
96.99
97.08
97.09
97.16
97.19
97.3
97.18
97.34
97.31
97.3
97.28
97.32
97.19
97.3
97.43
97.5
97.48
97.44
97.5
97.48
97.61
97.54
97.59
97.59
97.78
97.69
97.76
97.76
97.6
97.8
97.77
97.82
97.75
97.78
97.8
97.78
97.78
97.85
97.84
97.83
97.83
97.98
97.95
97.92
97.99
97.97
97.96
97.99
98.03
98.07
98.03
98.11
98.0
98.03
98.06
98.05
98.06
98.1
98.1
98.02
98.11
98.15
98.13
98.16
98.15
98.15
98.16
98.19
98.2
98.1
98.17
98.24
98.22
98.19
98.04
98.11
98.22
98.24
98.19
98.28
98.17
98.23
98.29
98.29
98.23
98.29
98.28
98.32
98.27
98.26
98.32
98.28
98.25
98.38
98.38
98.42
98.31
98.39
98.35
98.34
98.36
98.33
98.3
98.3
98.37
98.37
98.42
98.34
98.5
98.38
98.48
98.46
98.42
98.37
98.49
98.43
98.49
98.48
98.41
98.46
98.42
98.46
98.48
98.5
98.42
98.44
98.5
98.43
98.46
98.51
98.42
98.45
98.5
98.45
98.54
98.48
98.47
98.43
98.47
98.51
98.55
98.45
98.53
98.54
98.62
98.55
98.55
98.55
98.45
98.51
98.53
98.5
98.53
98.52
98.56
98.47
98.6
98.62
98.66
98.66
98.71
98.62
98.55
98.65
98.63
98.61
98.62
98.68
98.59
98.54
98.6
98.73
98.71
98.59
98.71
98.61
98.62
98.7
98.64
98.68
98.66
98.76
98.76
98.71
98.7
98.72
98.68
98.64
98.7
98.64
98.72
98.65
98.68
98.76
98.66
98.67
98.68
98.74
98.73
98.74
98.71
98.71
98.68
98.69
98.72
98.64
98.75
98.71
98.8
98.77
98.64
98.72
98.75
98.76
98.77
98.77
98.71
98.75
98.76
98.71
98.79
98.71
98.67
98.77
98.77
98.76
98.77
98.77
98.69
98.73
98.76
98.72
98.74
98.76
98.78
98.78
98.82
98.83
98.89
98.86
98.79
98.8
98.74
98.84
98.71
98.82
98.75
98.75
98.8
98.74
