2.220542163467407
1.8738773448944093
1.2066842905044555
0.7713779207229614
0.5876407845020294
0.4741384819984436
0.4238365828514099
0.37472586612701414
0.33291689937114716
0.2937691060066223
0.26846349320411683
0.25535819706916807
0.24118308840990066
0.22995095598697662
0.21966033885478972
0.21177103781700135
0.2031742512822151
0.1872796093761921
0.17525311247706413
0.17340957711935043
0.1713992021083832
0.16487782005369664
0.15902935115396977
0.14900560528039933
0.1474388422012329
0.1432496020257473
0.14335054597258567
0.13543090677559375
0.13398184438943864
0.12972949560433625
0.13123266277462245
0.12865405568480492
0.12389899854660034
0.1219928209617734
0.12149678187444807
0.11902693874835968
0.11800401712656021
0.11536361914426088
0.11348588961660862
0.11313306611031294
0.1091485854037106
0.10889794116467237
0.10717339913472533
0.1085059209190309
0.10541030057966709
0.10444728050082921
0.10399891366809606
0.10453415672555566
0.09929655778333545
0.09775314513593912
0.09773973247632384
0.09765271232835948
0.09698509633019567
0.09300398453064262
0.09435801283568143
0.09042183519899845
0.08997901857718825
0.08833437381833792
0.08743292638733983
0.08576092471443117
0.08603326919898391
0.08569726996198297
0.08648967383857817
0.08583723236322403
0.08211852903813124
0.0811476156828925
0.08212705952487886
0.08145839885510504
0.08136487835776061
0.08020858689974994
0.08072900931630284
0.08014413451310247
0.07895646486505865
0.07755048356298357
0.076331794282794
0.07541642287559808
0.07411745851133018
0.07459369321875274
0.07294712313190102
0.07118914764374494
0.0709818450129591
0.07369685092549771
0.07181855459893122
0.07077874829526991
0.07034040777459741
0.06991743793673813
0.06920328501518816
0.06850857468023897
0.06824544520564377
0.06835393161196261
0.06831779722217471
0.06678036352060736
0.06742758842781187
0.0660045873709023
0.06605964088421315
0.06499880965612828
0.06579500026777386
0.06514867404731922
0.06493656258434058
0.06274278832003474
0.0632396720547229
0.06128019563797861
0.0641571650969796
0.06250400216649286
0.06293251614714973
0.06314658272843808
0.06208201912734657
0.061859853492956605
0.060764933366980405
0.06090903286114335
0.05939916433431208
0.05986282867444679
0.061966301549971105
0.06076394198965281
0.06096438418021426
0.05843476998824626
0.05895077144438401
0.05978982410905883
0.0590493488362059
0.05921642904076725
0.058053946920391175
0.057445568665675815
0.05725906549785286
0.056007864247821275
0.05745079221874475
0.05575423309179023
0.05532776914276183
0.056256150116678325
0.05530470736194402
0.054751695271395145
0.05424740971224382
0.0553065797298681
0.05520943460538983
0.054317943552369255
0.05510221547079273
0.05422085861600935
0.05687072809506208
0.05481360053243116
0.054529494489636274
0.052886167115112764
0.05420581148904748
0.05394021282484755
0.05379602262359112
0.05213717283844017
0.0516234696068801
0.051335851969290525
0.05095227228896693
0.05129293071972206
0.05113546434156597
0.051398773605609314
0.05133447048948146
0.0524342255002819
0.05035621704626828
0.05158543833317235
0.05156467679468915
0.05115960318255238
0.04935954453404993
0.04862488451404497
0.04832716206926852
0.04933327336348593
0.04839615705003962
0.048111116070486605
0.048472310444992034
0.049000925206393
0.04886564504299313
0.04775601891577244
0.048458894056919964
0.04872328547732904
0.05004654692853801
0.04937232355871238
0.04835579649670981
0.04783473137943074
0.047217479540780184
0.04759322832347825
0.04917403221623972
0.048749501022789625
0.04844314164947718
0.04888224601717666
0.04816164306402206
0.047248692693188786
0.04850723922634497
0.04802642479292117
0.046639307158999145
0.04731956436512992
0.046445662652142346
0.04816787614999339
0.046796125826356
0.047707593688974155
0.046601227966463196
0.04629964230624028
0.0463116771588102
0.04805259259524755
0.045758668962027876
0.04493469509570859
0.045838081508036706
0.04638600678564981
0.045476486976025625
0.04520011478192173
0.04557991652037017
0.04542709659282118
0.044397160144895316
0.045303240764699874
0.04516410902417265
0.04441473857359961
0.04567410503327846
0.04705805363266263
0.04557646633633412
0.04455183283048682
0.04442338398769498
0.04302298214724287
0.043656795480242
0.043627995354123414
0.044649199400516225
0.04402904909546487
0.04324419988053851
0.04388173093018122
0.04298216789010912
0.043887171473447235
0.044362209517974406
0.0443122751920484
0.04422926046089269
0.043070666641928254
0.04243085061984602
0.04237006171359681
0.04231796846012585
0.043484414916159585
0.041307703595981
0.04170811148732901
0.042117587791290136
0.041383571769716215
0.0419035635501612
0.04172076058178209
0.04139714601146988
0.041838836948387324
0.042402832863433285
0.04123986269021407
0.04324811092517339
0.04206385865998454
0.04164627563990653
0.04177723726215772
0.040952299167541784
0.04126553518399596
0.04066556865335442
0.04024340803995728
0.04213366863206029
0.041250262370239946
0.04175765865277499
0.040494144452828916
0.04003403278607875
0.040547378043923527
0.04088519155792892
0.041023762016231195
0.04016761611900292
0.03997327630489599
0.040642375844949855
0.04053597027440555
0.038263060266152026
0.03929372897688299
0.038924671479407695
0.039481849445053376
0.039599233106989415
0.04035291784103028
0.03902535202456638
0.038978822421911176
0.037476249586208724
0.03792420810223557
0.038479340422805396
0.03843829270415008
0.03785831421185285
0.03964314780300483
0.03807531430025119
0.03883009795413818
0.038772386237466705
0.037611171131394804
0.03817050025723875
0.037670808252459394
0.037702589102671484
0.03839372168863192
0.03948580315180589
0.038679140867339444
0.03826998341218568
0.038544247441878544
0.03862197216830682
0.03808074672513176
0.037398173981439325
0.036771243489230984
0.036822268022503706
0.03763567818265874
0.03714946744525805
0.03728220089869574
0.03791949854721315
0.03815289321667515
0.03730833140187897
0.03739716027067043
0.03865461863386445
0.03833229911774397
0.03862930578235537
0.03842619199603796
0.03805153759755194
0.037293575872154906
