26.21
58.22
77.27
84.15
86.37
89.01
90.81
91.08
92.29
92.51
93.32
93.86
94.09
94.36
94.72
94.92
95.1
95.4
95.36
95.75
95.97
96.14
96.09
96.15
96.29
96.5
96.64
96.85
96.73
96.83
96.76
96.98
97.23
97.08
97.21
97.26
97.41
97.39
97.55
97.45
97.48
97.58
97.65
97.88
97.73
97.89
97.88
97.85
98.01
97.99
97.96
98.11
97.97
98.0
98.12
98.09
98.06
98.21
98.11
98.12
98.26
98.16
98.23
98.29
98.32
98.37
98.39
98.29
98.39
98.36
98.3
98.41
98.44
98.46
98.43
98.39
98.44
98.52
98.51
98.55
98.54
98.58
98.54
98.44
98.49
98.4
98.49
98.49
98.61
98.6
98.58
98.59
98.43
98.55
98.6
98.71
98.68
98.65
98.67
98.77
98.59
98.62
98.73
98.72
98.81
98.72
98.75
98.75
98.8
98.76
98.74
98.72
98.72
98.78
98.79
98.72
98.84
98.75
98.78
98.75
98.73
98.81
98.88
98.82
98.79
98.74
98.89
98.9
98.85
98.9
98.89
98.9
98.86
98.9
98.91
98.95
98.87
98.89
98.92
98.81
98.93
98.85
98.95
98.97
98.91
98.88
98.99
99.0
98.96
99.01
98.96
98.95
98.93
98.96
99.0
99.05
99.0
99.0
98.95
98.95
98.96
99.01
98.97
99.07
99.02
98.98
99.02
99.05
99.02
98.92
99.01
99.0
98.98
99.05
99.08
99.11
99.03
98.95
99.05
99.06
99.09
99.04
99.1
99.09
99.11
99.03
99.05
98.98
99.06
99.0
99.1
99.06
99.06
99.07
99.01
99.05
99.02
99.11
99.05
99.05
99.12
99.1
99.07
99.13
99.11
99.07
99.08
99.16
99.13
99.09
99.13
99.07
99.06
99.09
99.04
99.08
99.03
99.04
99.11
99.16
99.06
99.16
99.1
99.0
99.06
99.11
99.09
99.16
99.16
99.12
99.14
99.15
99.19
99.13
99.1
99.17
99.18
99.2
99.17
99.16
99.16
99.09
99.15
99.13
99.16
99.12
99.0
99.19
99.05
99.06
99.15
99.1
99.06
99.16
99.14
99.25
99.17
99.12
99.18
99.05
99.13
99.15
99.1
99.18
99.19
99.13
99.16
99.23
99.12
99.15
99.15
99.22
99.18
99.1
99.22
99.2
99.16
99.16
99.15
99.17
99.04
99.22
99.05
99.11
99.16
99.17
99.14
99.14
99.14
99.18
99.26
99.1
99.11
99.19
99.09
99.16
99.23
99.18
99.24
99.24
