2.266732011795044
2.1193568359375
0.952695198059082
0.4842829566001892
0.39082486119270327
0.3321815595626831
0.2982267914056778
0.2760642372131348
0.25115681252479555
0.2231310776591301
0.20396343787908555
0.19305953735113143
0.17955553328990936
0.16990582664608955
0.16269606182277202
0.15279011128246783
0.1419084765613079
0.13682186858356
0.13061902786642313
0.12396121179908515
0.11891732267290354
0.11482982333153487
0.11182349380254746
0.10696049202084541
0.10403565356880426
0.10173236845508218
0.0977209612235427
0.09423619933314621
0.09286633746288717
0.09032570107243955
0.09153290498387069
0.08706165822818876
0.08325577682740987
0.0833782866127789
0.0810354849666357
0.07975308757834136
0.0778776218606159
0.07656668180990964
0.07687949422542006
0.0758194515550509
0.07406740950345993
0.07342963742855936
0.07253561818636954
0.07056930445432663
0.07001066479058936
0.06934886112781241
0.06887525419518352
0.06682925056470558
0.06696114162029698
0.06595341391973197
0.06448007807889954
0.06370887953341008
0.0643673631332349
0.06331901453817264
0.06168213928760961
0.06065703522786498
0.06164723233440891
0.06134968166756444
0.06119543661698699
0.06012564312657341
0.059142613564245404
0.0596613728764467
0.05835445627812296
0.057610675040073694
0.05782353609036654
0.0588204441516893
0.057899275329825466
0.055185192316258326
0.05476105189484078
0.054350613283994605
0.05447057020140346
0.05565033725972753
0.05550745342958253
0.05350424941352103
0.05299800505670719
0.053755752873560415
0.05299206965649501
0.05356651406707242
0.053399165730178354
0.053094497300870715
0.052917416229238734
0.052584984243940563
0.05358099250909872
0.05255372186799068
0.05176254172227345
0.052024976604967375
0.05098793099557515
0.05083187687450554
0.05028651528675109
0.050770546095632016
0.05007845346610993
0.04946407901402563
0.04986958325966261
0.04907488484284841
0.04974276115165558
0.04949456380852498
0.04914170335687231
0.04812025775671937
0.04881211712576915
0.0490911469290033
0.05018873194839107
0.05020819682879373
0.04900074911471456
0.0479149835677119
0.04807171636221465
0.04712870122587774
0.04817225235863589
0.04883991590407677
0.048940747931785884
0.04710811897012172
0.047248033241415396
0.046699308743630534
0.04779047201557551
0.047166610160190615
0.04810930966136511
0.04815017953531351
0.04813490667141741
0.047238380544329994
0.0466054703531554
0.0466279232636909
0.046837391921249215
0.04622644586503739
0.04720414056145819
0.04672152220070129
0.04596946241182741
0.04605410270752618
0.04599892701976933
0.046025668377778495
0.04515720288841985
0.045657456835196356
0.04456265583573841
0.04527873165276833
0.04520949206349906
0.04390904626810225
0.04478612925678026
0.04405461535368813
0.046025913617259356
0.04462573198716855
0.04492962980514858
0.045363336134585555
0.044874878811079544
0.04413787323504221
0.04401091008403455
0.043592016380198766
0.04363740762951784
0.04475654627965414
0.044512060767074584
0.04297816946330713
0.04408567105567781
0.043938745327776994
0.04424570272763085
0.044780568781669715
0.04409194864754099
0.04495988782455679
0.04350713885993464
0.043821448534249796
0.04400675221367856
0.04394831898415578
0.043440989250980784
0.0443423892597144
0.043790028443920895
0.043165073761518576
0.04331319576778915
0.04349305937542813
0.04059831194429425
0.042509762613958446
0.04385559224394383
0.043383106139983287
0.044242038501950444
0.04391455314040068
0.043824941074609526
0.044748261577554516
0.04360263522405876
0.04451657578186714
0.042828115759324284
0.043705769470206
0.04334923334754422
0.043820437026338185
0.044177127380442105
0.042890530687657885
0.04276731266475981
0.043256277065741595
0.04302952666475903
0.044341228024999145
0.042994276340096255
0.042940313625714044
0.04410753703713417
0.04239123015074292
0.04225587185550248
0.04434386480088869
0.04307868557682086
0.04222910095091502
0.04336283491999493
0.04283464502127026
0.04236250544912764
0.04346847047935589
0.04401215905292775
0.04107961274525151
0.042349801194987956
0.04163137282640091
0.041504104938334785
0.04140820781626389
0.04146412477447884
0.04078122142648208
0.041580413287546254
0.04164201853509876
0.04176834170616348
0.04277490957273112
0.0417704245056957
0.040662294495326934
0.04159527993644588
0.04211050143571338
0.04153629141661804
0.04265662061590119
0.04317092732434394
0.041080110531597165
0.042038191705103964
0.04130847271864768
0.04198624964359042
0.041221317299566
0.04153357806446438
0.0422583924146631
0.04219064819930645
0.042120830594399014
0.040885110689062275
0.04151522919964627
0.041931389610585755
0.0410600519342348
0.04185883113255841
0.0422088050701801
0.042526295529661
0.04071950628967898
0.04137786429511034
0.04133357486911991
0.041008325569386946
0.04193914891168824
0.041533165288018065
0.040613013869753925
0.04105961504349543
0.04054783504297084
0.04117101680268679
0.04075011049248569
0.041135142418238686
0.04064463696382736
0.03994390442774166
0.040014506855058425
0.038868995995572184
0.03923816865827539
0.04255993971772841
0.0399281469369671
0.039939416325525966
0.04091224524553109
0.04086109438034182
0.04124866264761949
0.04002471312977432
0.0405627202692267
0.0392357072755025
0.03973771752897301
0.03957728349767567
0.03896965425835806
0.04075040625170077
0.03910198932695494
0.038965377214108594
0.03935697281715402
0.03963056444325776
0.04142264813918737
0.040611173508755746
0.04104668039691751
0.040208068785340584
0.040653348197968446
0.040207903636941045
0.03956115681686788
0.03919458484927309
0.03985335004180088
0.04096593939996092
0.040060999980536874
0.040957648111879824
0.04174434763165482
0.03967950665428216
0.041003989566586095
0.04044717784361419
0.041346457395586185
0.04088569630990678
0.041476813618818414
0.04010023614742095
0.040752591063625006
0.03941735902480286
0.0407912175608566
0.04079997550859698
0.040267206235259076
0.03951698020165495
0.04056036125788378
0.04036905366195133
0.040015899838691985
0.04178396829866688
0.03914429934003565
0.039953957717097366
0.040677249548354305
0.04211131041080225
0.04168583568891481
