10.35
12.52
13.71
14.28
16.41
20.61
21.08
21.06
23.5
25.22
26.52
27.95
28.57
29.22
30.44
30.64
30.87
31.75
32.14
33.13
33.39
34.44
34.52
35.24
36.24
36.26
36.99
37.22
38.18
38.31
38.94
38.98
38.12
39.25
39.47
39.85
40.16
40.65
40.49
41.36
41.61
41.75
41.78
42.24
42.22
42.87
42.68
43.39
43.36
43.29
43.46
43.5
44.3
44.56
44.58
44.8
45.04
45.49
45.6
45.77
46.36
46.59
46.03
46.11
46.47
46.61
46.61
47.39
47.32
47.78
47.12
47.92
47.72
48.16
48.07
48.13
48.65
48.65
48.91
48.82
49.0
48.83
49.08
49.53
49.16
49.57
49.71
49.6
50.19
50.65
50.73
50.35
50.68
50.58
50.57
50.7
50.9
50.77
51.22
51.23
51.31
51.32
51.78
51.57
51.43
51.93
51.94
52.72
52.12
52.97
52.67
52.65
53.25
52.84
53.46
52.77
53.75
52.74
53.57
53.65
53.58
53.97
53.77
53.76
54.19
53.84
54.58
54.34
54.41
54.34
55.11
54.72
54.87
54.85
54.63
54.65
55.41
55.36
54.92
55.0
55.27
55.22
55.64
55.29
55.81
55.69
55.21
55.65
55.89
55.98
55.94
55.6
55.78
56.11
56.44
56.12
56.18
55.96
56.3
55.79
56.16
56.4
56.24
56.73
56.46
56.87
56.96
56.64
56.92
56.36
56.3
56.94
56.92
56.78
57.47
57.18
57.21
57.21
57.19
56.99
57.5
57.34
57.43
57.47
57.41
56.92
58.17
58.04
57.4
58.04
58.05
57.79
57.86
57.76
58.1
58.08
57.99
58.5
58.77
58.01
58.04
58.23
58.58
58.93
58.47
58.88
58.89
58.81
59.08
59.08
59.24
58.59
58.9
58.9
58.87
59.04
59.32
58.73
58.98
59.06
59.25
59.47
59.19
59.44
59.1
59.41
59.66
59.37
59.58
59.78
59.5
59.97
59.98
59.76
59.82
59.67
60.15
60.22
59.79
59.73
60.33
59.94
60.13
60.19
60.15
60.33
60.42
60.12
60.32
60.56
60.36
60.94
60.54
60.61
60.45
60.69
60.45
60.44
60.34
60.54
60.71
60.42
60.71
60.87
60.7
60.49
61.2
61.06
61.17
61.02
60.49
60.77
61.17
61.34
61.09
60.95
60.86
60.61
60.95
60.87
60.98
60.8
61.26
61.39
61.29
61.07
61.14
61.22
61.71
61.51
61.72
61.54
61.74
61.61
61.6
61.29
61.4
61.52
61.88
62.15
