15.64
21.17
29.14
32.13
34.67
36.77
38.89
40.78
42.27
43.86
44.51
45.16
45.62
46.39
47.3
47.69
48.09
48.71
48.81
48.92
49.3
49.94
49.53
50.09
50.03
49.74
49.7
50.17
49.96
50.6
50.39
50.33
50.84
50.69
50.69
50.95
51.26
51.51
51.02
51.16
51.81
51.35
51.36
51.52
51.69
51.64
51.92
52.1
52.72
52.32
52.07
52.38
52.57
52.71
52.72
53.0
53.27
53.3
53.1
52.53
52.88
52.72
52.67
52.98
52.86
53.36
52.82
53.02
52.76
53.51
53.35
53.78
53.46
53.66
54.13
54.25
54.16
54.09
53.61
53.88
54.01
54.02
53.81
54.14
54.32
54.27
54.22
54.31
54.0
54.02
54.67
54.4
54.16
54.31
54.36
54.92
54.19
54.56
53.71
54.14
54.34
54.48
54.32
54.5
54.79
54.65
55.15
54.91
54.57
54.88
54.55
54.61
54.88
55.07
54.63
54.66
54.5
55.07
55.24
54.73
55.07
54.62
54.68
54.74
54.83
54.58
54.86
54.52
55.08
55.55
54.79
54.8
54.91
54.88
55.15
55.3
55.01
54.74
54.89
54.79
54.84
54.88
54.59
54.67
54.63
54.74
54.65
54.77
55.29
54.84
54.81
54.57
54.84
54.62
54.7
54.58
54.89
54.92
54.94
54.94
54.82
55.01
55.06
55.11
54.98
55.02
55.55
55.14
54.98
55.37
54.95
55.35
55.03
54.94
55.33
55.29
54.93
55.09
55.4
55.21
55.07
55.24
55.57
55.58
55.49
55.14
55.25
55.41
55.13
55.01
54.94
55.28
55.67
55.36
55.58
55.45
55.33
55.16
55.07
55.47
55.04
55.38
55.33
55.26
54.96
54.79
54.95
55.35
55.02
55.24
55.09
55.31
55.18
54.94
54.99
55.22
54.88
54.96
55.06
55.4
55.52
55.44
55.17
55.4
55.62
55.75
55.88
55.27
55.12
55.13
55.43
54.99
55.16
55.06
55.16
55.62
54.81
55.39
55.09
54.78
54.63
54.67
54.49
55.15
55.15
54.9
54.78
54.87
54.99
54.74
54.78
55.03
55.22
55.54
55.62
55.34
55.03
55.18
55.12
55.13
55.14
55.11
54.66
55.01
54.73
54.66
54.69
55.04
54.72
54.84
55.19
54.97
55.02
55.18
54.75
55.11
55.58
54.8
55.04
55.32
54.63
55.13
54.67
54.86
54.83
54.63
54.19
55.08
54.72
54.59
54.5
54.5
54.74
54.12
54.75
54.74
53.79
54.31
54.52
54.48
