2.2959956436157225
2.1821695388793945
1.9591634393692017
1.8795272470474242
1.7996047185897828
1.728045042991638
1.664038094139099
1.6233818340301513
1.5958544343948364
1.568921127319336
1.573796618270874
1.5687544242858886
1.5712143520355224
1.5952586694717408
1.5746311780929565
1.6304715099334717
1.6875712471008302
1.655635516166687
1.7350541366577148
1.7100141258239747
1.7553602849960328
1.6832539365768433
1.7062750238418578
1.749165915298462
1.8081737619400025
1.7465852226257323
1.7163307193756103
1.7683920267105102
1.748134506225586
1.7587426082611084
1.7617753204345703
1.7215600534439086
1.7893740325927734
1.7412798902511597
1.75854465007782
1.74451544380188
1.7740192960739136
1.760887848854065
1.8055465808868407
1.776512961769104
1.7597612594604493
1.7886570177078247
1.7508905563354493
1.780399444770813
1.7691859943389892
1.8059956130981445
1.7920978017807008
1.73431763381958
1.785158384513855
1.7802522304534911
1.7821347492218018
1.7511415351867676
1.747242857170105
1.751695677947998
1.7450989212036132
1.8027368940353394
1.8130610065460204
1.7624056728363038
1.7719924505233764
1.7908395826339722
1.7455887464523316
1.7622662832260132
1.7729621822357178
1.798825853729248
1.8017168966293335
1.7822185012817382
1.8335693450927735
1.779065910720825
1.79977072429657
1.7945611570358277
1.763265106201172
1.764803465461731
1.7781818227767945
1.7602394800186156
1.7844068000793456
1.7622102458953857
1.8283234712600709
1.7920785095214844
1.7945737392425538
1.7973347646713256
1.770539765357971
1.8185148370742799
1.8480158506393434
1.813718517303467
1.8339825876235962
1.7962410839080811
1.8265253978729248
1.8286915620803832
1.832874589920044
1.813611079788208
1.7977806716918945
1.8415887594223022
1.850050157546997
1.7737925464630127
1.829667825126648
1.8004245105743408
1.8178418670654297
1.8232335557937622
1.8342353996276854
1.8211383012771607
1.823410012626648
1.8187105060577393
1.820960068511963
1.8396776584625245
1.7877163219451904
1.8004446029663086
1.8348543184280395
1.8061354564666747
1.8215472478866577
1.8371446784973144
1.824440368270874
1.838540919303894
1.8234964115142822
1.8094480758666993
1.83368999004364
1.8284493701934814
1.8244975319862367
1.840230946159363
1.8478361640930177
1.8777160562515258
1.865016891670227
1.9185343927383423
1.8354898105621338
1.924665209197998
1.872607110977173
1.8454337041854858
1.8206933109283447
1.7985704994201661
1.8073446996688842
1.8727573434829712
1.860693814086914
1.8537793838500976
1.8759860401153565
1.8146828700065614
1.8305891758918762
1.8395527086257935
1.8615082527160645
1.8632121728897095
1.8642995555877686
1.837041118812561
1.8747413949966432
1.8179076374053955
1.8351019762039185
1.8728768781661986
1.8595684051513672
1.8536145151138306
1.83700973777771
1.830635800266266
1.8898502427101136
1.868856519126892
1.8908082626342773
1.8928059412002562
1.8709667205810547
1.8741949659347534
1.9134963727951049
1.8637720764160157
1.8448247952461243
1.8498545589447022
1.8582255098342895
1.8697177042961122
1.869255815410614
1.8722281400680543
1.8671673036575318
1.932370554256439
1.9178994456291198
1.9290072513580323
1.8565904213905335
1.9034990651130677
1.8829023125648499
1.865036565876007
1.880784562110901
1.8924842683792114
1.9145305746078491
1.887410756587982
1.9276843463897706
1.936419771194458
1.9112489583969117
1.9191875752449035
1.8911892444610596
1.9507191211700439
1.920050373840332
1.9217968208312988
1.8617153392791748
1.8942149625778197
1.976055825996399
1.9421995420455933
1.9109114753723144
1.927558762550354
1.9006603558540345
1.9267382031440734
1.9652611063957215
1.8981811049461366
1.9409828890800476
1.930595813369751
1.930707201385498
1.9459045608520509
1.9269368350028993
1.937437211227417
1.9009573572158813
1.9524724227905272
1.9238375963211058
1.9571973627090453
1.9813225479125978
1.9861760033607483
2.0018500089645386
1.951116922187805
1.9430806490898131
1.9975103714942932
1.9794283803939818
2.014506725692749
1.9710474100112916
1.9707498832702637
1.9522871877670287
1.9691683320999145
2.0339899669647217
1.9285841815948486
1.979414001083374
1.942888147354126
1.9872793558120727
2.0015707765579225
1.9689135217666627
1.9494433883666993
1.9748790773391725
1.9974190055847167
1.9466580226898194
1.9644867588996888
1.9956859446525574
1.9886149693489075
1.9932898670196533
1.986805165863037
2.026513199234009
1.99989912443161
2.0056292657852173
1.9727503741264343
1.977084363079071
2.004453255081177
2.016207183265686
2.005896548652649
1.9696152752876281
2.0139452026367186
2.0523463792800904
2.0082811551094055
1.9560733522415161
2.016026392364502
1.9776277778625488
2.0578565074920654
2.0355283433914186
2.017410666847229
2.0360595361709595
2.0119548614501954
2.047628247833252
2.0227515098571778
2.0893817823410035
2.039449787902832
2.0432477469444277
2.065604700469971
2.080039364910126
2.019992356681824
2.0411982545852663
2.088392509841919
2.0852287326812746
2.148371074104309
2.080920429611206
2.0857573602676394
2.0938113027572633
2.0723571445465088
2.094716050338745
2.1064644960403442
2.071837093925476
2.088334321975708
2.0747470878601075
2.0941994659423826
2.102445397949219
2.0738911863327028
2.073250136756897
2.105738712310791
2.085844159793854
2.1195009914398195
2.112156444358826
2.106398412513733
2.0772018085479735
2.0983838788986207
2.106252865409851
2.1001099975585937
2.1449932664871216
2.088520075416565
2.1180351751327513
2.1527616094589233
2.095300030708313
2.0854137279510496
2.134962735748291
2.1814799995422365
2.141842417526245
2.121197083854675
2.0956698259353637
2.1742476123809813
2.0833395229339597
2.1409993854522704
2.1444638191223144
2.1453747079849244
