2.3044637374877928
2.3041842895507814
2.303969762802124
2.3034007946014405
2.303115299987793
2.303326930618286
2.3036241161346434
2.302644281768799
2.3013401374816893
2.3008050868988037
2.299719470977783
2.3001233905792238
2.296896760559082
2.298008229827881
2.308415812301636
2.2982090728759768
2.3380048320770266
2.3551304306030274
2.6689921363830567
2.7842197196960448
3.0398051643371584
2.6753384643554687
3.1958711269378663
2.5960480964660646
2.4919908126831056
2.4486590312957763
2.3926871509552003
2.3950876907348633
2.911463279724121
2.4155853786468504
2.6312836475372317
2.4012122734069825
2.332413747787476
2.3044998268127443
2.3517301261901857
2.2821558254241943
2.4156570510864257
2.609389056777954
2.335408221435547
2.5353457641601564
2.2869130699157716
2.2377829959869384
2.582400834083557
2.4475529468536377
2.2486776473999024
2.322879621696472
2.340028971481323
2.496889568710327
2.333561294937134
2.141136096572876
2.7142377155303956
2.929945905303955
2.3046221382141114
2.388992156791687
2.2448075271606447
2.6443669662475586
2.5255196159362794
2.714771915817261
2.2915751022338866
2.298121433639526
2.511116015625
2.3429661674499513
2.653660736846924
2.3498828453063965
2.8886273052215574
2.1601069894790648
2.3096283561706543
2.1783252674102784
2.286338101577759
2.2369882865905764
2.4500024589538576
2.3742778133392335
2.385905467414856
2.302278637313843
2.4232387977600096
2.3921175090789797
2.267990158843994
2.344137320327759
2.37903720703125
2.1957119329452515
2.397933790588379
2.336576099205017
2.4892456287384035
2.2057361652374268
2.255561164855957
2.34239764251709
2.219794235229492
2.280411145401001
2.347547448348999
2.3362816877365113
2.2298009271621706
2.3053696924209595
2.880236263656616
2.1042345655441284
2.2181526500701905
2.359240347099304
2.3094087280273436
2.1652874824523924
2.251369261741638
2.1614745414733885
2.1213637990951537
2.1197960552215576
2.137845434951782
2.3233276231765747
2.385059265136719
2.009493825340271
2.1439761827468873
2.25404794883728
2.1819278747558593
1.9779779390335084
2.2431265548706056
2.2959935508728027
2.0388759761810302
2.2848066843032835
1.9738638299942017
2.3231510604858396
2.1453478258132934
1.9713197521209718
2.2465803943634035
2.3068610569000243
2.0749984062194824
2.117074931907654
2.2391625579833985
2.1548995338439942
1.9873828887939453
2.3511462741851807
2.092159983062744
2.4791958393096922
2.3014965713500977
2.1256009294509886
1.965590947151184
2.3218304439544677
2.37339672164917
2.0740212217330933
2.166506707382202
1.8427107433319092
2.0966796127319336
2.1067787322998046
2.07717902507782
2.0375948568344118
2.012983407974243
2.349127666854858
1.8626014419555663
1.8334156084060669
1.9505263935089112
2.0237743766784666
1.9043852140426636
2.0832252214431763
2.0752730876922607
2.1156741687774656
1.8788505758285523
1.8897454196929933
2.55408487701416
1.8238131896972656
2.1362764045715332
2.1104465114593505
1.8937902709960936
2.180895439529419
1.9184723207473755
2.0794772247314453
2.184027698135376
2.354005293083191
2.045531805419922
1.959619646835327
1.9309743061065674
1.8844560890197755
2.2191768516540527
2.025258250808716
1.9312062786102295
2.1291057426452635
2.1529613136291506
1.8756522224426269
1.7779838035583495
2.0923660427093504
2.4867698837280274
1.7848278970718383
1.8919428356170653
1.8158270582199096
1.8605719173431396
1.9760674409866332
2.1522889377593994
1.8456844762802125
2.1864818744659424
2.2810785194396974
2.1119982599258424
1.7612042736053466
2.227722664451599
1.9444220584869385
1.8645120719909667
2.1470621864318846
2.030538297843933
1.7761066036224364
1.959406266784668
1.8857022092819213
1.7423516527175904
1.8683544660568236
2.1340956199645995
1.6767669960021974
1.8994001529693603
1.8029166812896729
1.7605805082321166
1.8702887742996215
1.9021148487091064
1.9344730415344238
2.0393337348937988
1.9423729808807373
1.9890529094696046
2.6274061939239504
2.346939284515381
1.9111431400299073
1.824050841140747
1.8524307584762574
1.8661877841949464
1.942407816696167
1.9406182350158692
1.9282532638549805
2.0003734083175657
1.873757173728943
1.8235356994628906
1.9325562837600707
1.7810517362594604
1.7779014270782472
1.8743046569824218
1.9147172180175782
1.9700238479614258
2.0564014030456543
1.6642325134277345
1.8246494222640992
1.760550090408325
1.7131882120132447
2.2830551361083984
1.9671092294692993
1.949913046646118
2.28076435546875
1.9275586162567138
1.8612996646881104
1.862899347305298
1.7373064287185669
2.1605686923980714
2.1797306810379027
2.0131776485443114
2.0576555919647217
1.7149571968078614
1.813573545074463
1.9677760089874268
1.8780549713134767
2.103558617401123
1.8819535457611083
1.8768411302566528
2.0241730611801145
2.3994236484527587
2.0238446437835695
2.508358616447449
1.6761519960403441
1.7235966848373414
1.7527870203018188
1.7888033336639404
1.6872454572677613
1.927956074142456
2.024825170516968
1.8884640810012818
1.7276585855484008
1.7185649242401122
1.887784163093567
1.9444575206756591
2.162123329162598
1.9296285736083985
1.8066640760421753
1.7193011894226073
1.9868838260650634
2.0474932224273683
1.9117721620559693
1.8894776092529297
1.8291734785079956
1.9337609313964843
1.9525897346496581
1.8806795989990235
1.755691446685791
1.7027763048171998
1.9374946241378783
2.1482536359786986
1.9183529430389403
1.8193348970413208
1.8304032081604005
1.8788730367660522
1.7745644254684447
1.7952386434555054
1.8427514627456665
1.6605703397750855
2.010305191040039
1.7688246818542481
1.8245639720916749
1.7533613214492798
1.7264174640655519
1.7293550611495971
1.6775397846221924
1.7624835556030274
1.7595303455352784
2.1051888427734373
1.851634209060669
