10.0
10.0
10.91
10.85
14.58
12.33
10.07
18.71
18.62
17.54
17.26
17.56
18.43
16.72
21.47
18.65
16.49
20.61
17.66
20.4
26.75
20.29
22.68
15.05
15.82
19.46
22.62
26.01
23.41
19.9
28.49
25.77
25.96
19.21
30.97
24.17
31.29
24.81
25.29
22.5
28.87
30.9
25.43
21.95
28.11
26.75
32.58
31.76
36.57
29.83
31.18
32.77
24.94
20.83
32.54
20.16
31.78
36.0
24.29
26.08
34.44
29.26
20.98
31.18
30.68
33.02
28.55
30.39
36.47
34.46
36.6
30.82
31.83
36.68
35.17
36.53
38.34
33.97
39.57
36.16
32.39
35.06
37.83
35.2
27.46
33.73
32.16
30.4
34.71
36.96
37.0
33.62
29.95
35.09
33.67
38.25
35.39
39.26
40.74
36.15
38.57
43.06
36.97
32.76
37.93
41.52
38.79
37.66
36.19
39.91
34.79
34.72
41.19
41.52
43.16
39.64
39.75
34.27
40.29
40.8
38.97
38.61
35.13
21.71
38.79
36.84
40.3
40.96
40.73
43.25
38.65
39.73
35.83
42.11
42.66
31.88
41.68
40.62
40.53
35.28
40.24
45.74
35.5
40.19
40.3
36.63
31.11
35.6
37.88
35.43
42.47
39.57
44.04
38.25
40.75
43.88
31.36
45.68
39.57
33.5
44.01
42.56
37.34
33.35
39.1
40.43
43.54
40.28
45.04
45.21
42.01
39.81
40.11
42.76
42.49
45.06
48.11
41.74
41.57
47.51
40.1
44.52
42.21
48.77
40.61
44.12
36.51
33.0
38.86
44.61
37.85
39.91
43.84
45.45
49.2
42.25
46.03
35.88
45.88
35.39
41.48
38.17
39.78
37.17
39.33
44.81
47.56
43.69
39.93
43.24
45.38
40.76
40.09
41.38
44.41
41.46
40.39
41.82
39.68
40.04
30.66
45.93
40.6
45.13
39.55
48.4
41.36
46.69
42.37
43.12
42.32
44.92
42.35
42.34
43.66
47.42
42.77
48.92
44.26
47.73
44.05
38.81
37.15
43.92
46.46
48.23
42.43
43.34
48.6
48.01
40.58
41.95
46.63
43.78
49.61
41.89
47.93
46.17
49.35
44.7
47.28
49.48
49.83
38.62
44.54
43.5
38.57
46.5
46.93
43.79
47.29
35.95
38.6
42.4
45.8
48.92
47.95
50.18
43.78
49.08
45.91
47.01
37.24
48.79
47.57
50.84
49.69
48.03
43.49
45.66
50.35
51.88
47.86
45.63
45.52
30.62
45.64
48.47
42.46
47.13
