2.4519273906707766
2.881191689682007
3.1983078971862793
1.8764742568969726
1.9277016078948974
1.7216996896743775
1.6793155212402344
1.2666869731903077
1.0334570793151856
0.9971711261749268
1.0329565649032593
0.860942276763916
0.9092625190734863
0.8816385535240173
0.7691682075500488
0.9375421224594116
0.6343026126861572
0.5221387969017028
0.5058584070205688
0.5130107258319855
0.4337567831277847
0.5019225953102112
0.5972004353046417
0.38454942722320556
0.33807727646827695
0.49362081379890443
0.3882431209564209
0.5316118225574493
0.3464843379020691
0.2949931494474411
0.296898124563694
0.2951996217489243
0.3428587436199188
0.287626574409008
0.31122058501243594
0.26481211516857145
0.2819441170454025
0.33305372424125673
0.2876152288913727
0.29342974900007246
0.2786529665827751
0.34998985130786897
0.25746313667297366
0.2510922849059105
0.25573386615514754
0.23602700891494752
0.2982564071178436
0.28491432643532755
0.5686490694522858
0.22532897019386292
0.19461327605247497
0.23191411265134812
0.20753668498396874
0.19398732278347017
0.21275443313121795
0.2930196214437485
0.35288240966796874
0.19533264260292052
0.20757174171805381
0.20759224078655242
0.17376231371462345
0.1559783416390419
0.18064183013439178
0.17337422808408737
0.15743949652314185
0.13982692196667193
0.1763058237195015
0.17060819041728972
0.15385070998072625
0.14397174338698387
0.13107237802147864
0.1446665264546871
0.18339837951660157
0.12960555511564018
0.1632637139469385
0.1381528237864375
0.1359332249224186
0.17316807932257652
0.13717794587016105
0.13286248257160188
0.14778081853985786
0.18399649757146835
0.17734662606716156
0.16719945584535598
0.11753316900134086
0.13101058206558228
0.13450698039531708
0.12408958011567593
0.11915340141057969
0.12243988526463509
0.14351520820856095
0.12204413761645555
0.10412035748064517
0.11289540296196937
0.12912704017162324
0.1317179325580597
0.1055040322072804
0.10851295822709799
0.10427830522358418
0.12035565428584814
0.11628950461894273
0.10242339608967305
0.124477498960495
0.1247041156232357
0.12879530956745147
0.1239743005424738
0.13229663893580437
0.1126279367029667
0.1095973820835352
0.1493775321662426
0.12586551761627196
0.11680441237539053
0.10496705984771251
0.09248863101601601
0.12981812369823456
0.08770569942295552
0.09217678354680538
0.14772639220952988
0.10066890428364277
0.09710141400694847
0.0965253191024065
0.10130010966360568
0.11641801213398575
0.1088907450042665
0.09192316268533468
0.08706236786395312
0.10877865665256978
0.1009460957147181
0.13658308662176133
0.09061903749108315
0.09676236393451691
0.09989409058988094
0.10591865450069309
0.08371475489139557
0.10342044112086296
0.09728878949731588
0.08142580859288573
0.08814627997279167
0.11803391608148814
0.1507304558455944
0.0946575647301972
0.0826895288541913
0.091531453807652
0.0796973735217005
0.09230391253083944
0.08801560127027333
0.10326834523379802
0.0843767579421401
0.08855510113090277
0.0854635570205748
0.08662317271195352
0.08966652804538608
0.0744507837548852
0.08840935023128986
0.08037726034075021
0.09934350973665715
0.10657840404212475
0.08015050082653762
0.09530680667608976
0.08716774647384883
0.0676092895757407
0.07834716485701501
0.10281324894577265
0.10811224408820272
0.09128045969456434
0.08511480416730047
0.07280696131363511
0.09538381152898073
0.101843907892704
0.08408663392290473
0.07356058435551822
0.0870565839856863
0.09395762567967177
0.06636958687826991
0.09443037239313126
0.09179023940861225
0.07418986630663275
0.10522260091602802
0.13607751819491387
0.08729033294767141
0.06753277744371444
0.06310661487970501
0.06158636197866872
0.06939903330877423
0.06968535523861646
0.07834146881103515
0.06477192832417786
0.06880018732100725
0.08773684597201645
0.07227712635397911
0.08298756730407476
0.07153086806349457
0.07078709524162113
0.061563160180486735
0.07369969978928566
0.06991994255296886
0.07299650541469455
0.06521247862502932
0.06708964904434979
0.06401318545378745
0.06913998470529914
0.07519989277645946
0.07145855366811156
0.07473442527279257
0.06126699709817767
0.06210120046399534
0.0819879629638046
0.08092773895263672
0.08837704128473997
0.08689831185936928
0.06545403938181699
0.06993261388335377
0.06372201886679978
0.07387415992505848
0.0779113202996552
0.08853829128593206
0.0670931088373065
0.07592385180816054
0.0601842661568895
0.06490616792291402
0.06368805555701255
0.06709663719199598
0.0689665626846254
0.0609178217343986
0.06923423501253129
0.05887972808331251
0.0627552599452436
0.08862744277063757
0.062050446300394836
0.06223074803147465
0.05938498047478497
0.062094320426881316
0.06293252657912672
0.0569237109337002
0.059252754324674604
0.05988214116217568
0.05845713754296303
0.057604411656409504
0.0721543999761343
0.07113966954499483
0.06561197985745966
0.06484796379767359
0.06363982920236885
0.06242148539274931
0.0739121005838737
0.06524066549092532
0.04983047519056127
0.058040529233962294
0.05975845367610454
0.0689437082612887
0.06057126651480794
0.05201709304060787
0.05591509930677712
0.07055797722041607
0.05597362931352109
0.05941942111393437
0.07693230024576188
0.08369259202703834
0.06145333486869931
0.05907727114483714
0.058088570452574644
0.07254900233447552
0.07671383380517363
0.053470904555078594
0.06623208936974406
0.05274823569264263
0.057393911466002465
0.06722582785449922
0.05856824821382761
0.05674832908026874
0.05494803488999605
0.06564311505183577
0.056166798911523076
0.06896852836105972
0.06630022537801415
0.0475357232590206
0.05708668331932276
0.06373841849118471
0.06646038342788815
0.05036101787174121
0.06218603614093736
0.053935524525120855
0.058244904835615306
0.06836863315366208
0.05290671590603888
0.06897653173804283
0.06441842471603304
0.056704698253050446
0.07468097247183322
0.05128852984923869
0.05193171890070662
0.058929481526836754
0.05523459056094289
0.06121068861056119
0.07719223427176476
0.05501073568891734
0.05720055350363255
0.04843522152844817
0.06371959717832505
0.06743997315075248
