3.0411585453033445
2.571507766723633
2.307073009109497
2.3921848400115966
2.472773480606079
2.1445566177368165
2.3611055965423584
2.0821816679000853
2.287635922241211
2.09332951965332
1.8402522102355956
2.1347232723236083
2.019492294311523
1.9060858098983764
1.8737692295074464
2.0196074012756347
2.0214583030700686
1.7772118955612182
1.9026093807220459
2.177325997543335
1.9026155786514283
1.7633884510040283
1.8467088745117188
1.8578303321838379
1.7789601963043213
1.7900733695983886
1.6801117757797241
1.8172697933197022
1.965699223136902
1.8366153621673584
1.8071493511199952
1.9543861698150635
1.6342095560073853
1.7017534051895142
2.2431398635864257
1.7617734249114991
1.8081710165023803
1.9439677673339844
1.8783220039367676
2.130429438018799
1.9520598331451415
2.066941457748413
2.2940200077056883
1.8035164796829224
1.6487817041397095
1.6368530153274536
1.662193196105957
1.69142265625
1.6773437131881714
1.818674407196045
1.6673476329803467
2.1033220806121826
1.71603262424469
1.8882193475723266
1.7819641216278077
2.1052957666397094
1.8196551357269286
1.9354668048858643
1.7369792772293091
2.031170235824585
2.0061371669769286
2.5300292057037352
2.310483065032959
1.728682305908203
2.392337996292114
2.032273602104187
2.1146615268707274
1.6538960577011108
1.7251828426361084
2.164250631713867
2.128804776763916
2.062362223815918
1.6928430227279663
2.186033939361572
1.8929305934906007
2.1421051734924315
1.7143756090164184
2.0837498176574707
2.0669033111572266
1.9288341747283935
1.6824169860839844
1.8800867069244385
1.8597214233398438
2.1073089778900145
2.0793015560150145
1.7884309953689574
1.9610097633361816
1.8829612659454347
2.4185005920410156
2.4264992630004882
2.2060012168884278
1.8230348224639892
1.8796477230072022
1.795218158340454
2.035166650009155
1.8144719997406007
2.2521866424560546
1.9361820156097411
1.9440926666259766
2.4369160236358645
2.013995065307617
2.0336086433410645
1.9402711154937744
2.012207607650757
1.9634928672790528
2.36709891204834
2.00270729637146
2.248698101234436
2.116242666244507
1.9335183887481688
2.1202548721313477
2.0834586280822753
2.0442018074035646
1.9866940872192382
1.9623119831085205
2.2171048461914062
1.7312184131622315
1.8709985092163086
1.9243334438323974
1.7787862220764161
1.8163106010437011
1.8229653118133544
2.4494156970977783
2.1211077075958253
2.105690948486328
2.369153298950195
2.1014500968933105
2.149120492172241
2.196148151779175
2.071816634750366
1.8034753746032715
1.9225668258666992
2.0115642921447754
2.2791042488098143
1.7716841705322266
3.122758190155029
2.279677618789673
2.596645191192627
2.2172533725738526
1.8701836990356446
2.1329632221221924
2.2343579563140867
1.9827561290740967
1.9912056266784668
2.1815696743011475
1.8858330307006836
2.113350047302246
1.851130001449585
1.8477027957916259
2.197296579360962
1.9529710914611815
2.084276905441284
2.0476502849578857
2.0689546905517577
1.8777131362915038
1.9102626262664795
2.54947421875
2.1866546686172486
2.5384941780090333
1.804463890838623
1.903214060974121
1.8825098514556884
1.8717017242431642
1.8391067901611329
2.0131152099609375
2.128052684020996
1.8523383911132814
1.9402749309539795
1.9948717937469482
1.8543384601593018
2.4799175912857057
2.0821392475128175
1.9523910121917725
2.1089366653442383
1.8688402252197265
1.968623494720459
2.021091830062866
2.335380453109741
2.319412991333008
2.0457787647247314
2.0155679237365725
2.2046978622436524
2.0097404289245606
2.2960511047363283
1.8767955081939698
2.321532233428955
1.8431682411193848
2.1416363079071044
2.116265466308594
2.3765642272949217
2.263062880706787
2.1816371337890623
2.379854128265381
2.303094641494751
1.9214060512542726
2.1838027599334717
1.851428931427002
1.8437375602722168
2.313561625289917
2.078991633987427
2.0802798866271974
1.844067444229126
2.192913426589966
2.086704656600952
2.4152875686645507
2.4192322875976564
1.886419416809082
2.0886846672058104
2.0169072021484373
1.9891532377243042
1.9214793411254882
2.2677454750061035
2.0842755603790284
2.0769647632598875
2.128643714904785
1.9801528114318847
2.355543249130249
2.038194446182251
2.0119105030059816
2.4490211105346678
2.2984251705169676
2.2173120292663575
2.002933167266846
1.9691410190582275
2.2607588645935057
2.3603736919403078
2.0889607189178467
1.9987468547821046
2.3089407081604003
2.4013277688980104
1.9961674377441405
2.1927697467803955
2.0459259956359865
2.0528956352233885
2.2482205642700195
2.0844913536071776
2.567291759490967
2.0434266342163085
2.047156178665161
2.040307241439819
1.950928394317627
2.039925912094116
2.2030225940704344
1.9084201202392579
2.088101457595825
1.9902984279632567
2.178201288604736
2.1766418952941895
1.9648398555755615
2.086333867645264
2.2320587341308595
2.0346397594451906
1.9697599880218506
2.0176187953948976
1.9860221450805664
2.033162809371948
2.0941447162628175
2.3839840309143066
2.2775585220336914
2.067943508911133
2.133730546951294
2.610013973236084
2.076021381378174
2.1333670589447022
2.19775373916626
2.074043426513672
2.326524206161499
2.2954820209503173
2.7432245628356933
1.9456650226593017
2.0688961597442628
2.1907368686676025
2.383421032714844
2.4057691047668457
2.103315298080444
2.148313736343384
2.6750597885131837
2.261728036880493
2.653309675979614
2.3428051124572753
2.2237135993957517
2.4493661952972414
2.2567984184265137
2.105919956588745
2.0661040557861328
2.2184889530181886
2.495177478027344
2.2657504959106447
2.0143474212646484
2.3653402378082276
2.0286786750793455
2.2579683647155764
2.333346718597412
2.188407149887085
2.101922483062744
2.1412380130767823
2.148670927810669
2.7505959434509277
2.2985378883361816
2.316534773635864
