9.99
9.98
10.0
11.09
13.22
13.12
15.14
14.41
16.03
17.29
17.14
17.44
18.28
21.02
21.14
23.65
24.95
25.36
27.03
27.24
27.58
28.01
29.02
29.71
31.02
33.48
34.62
35.48
36.16
36.68
37.82
38.57
39.18
39.62
40.41
40.68
40.6
41.37
42.29
43.16
43.38
43.84
43.84
44.07
44.19
44.93
45.95
45.53
46.17
46.85
46.75
47.08
47.44
48.06
48.01
48.55
48.19
49.08
48.38
48.71
49.19
49.38
49.49
49.51
49.14
49.45
49.42
50.17
50.53
50.9
50.67
51.32
51.19
51.5
51.32
51.69
52.17
52.36
52.53
52.5
52.29
52.72
52.52
52.86
52.84
53.07
53.3
53.1
53.72
53.9
53.13
53.92
53.64
54.05
53.9
54.07
53.81
54.01
53.54
54.22
54.47
54.23
54.17
54.28
54.56
54.52
55.13
54.79
54.69
54.75
54.77
55.22
55.15
55.44
55.35
55.31
54.7
55.25
55.17
55.36
55.13
55.17
55.55
55.48
55.44
55.91
55.68
55.93
55.49
56.0
55.59
55.88
55.69
55.56
55.99
55.45
55.81
55.77
55.9
55.83
55.76
55.52
55.87
55.55
55.92
55.86
55.85
55.73
55.47
55.88
56.15
56.16
56.43
55.91
55.91
55.87
56.2
56.6
56.34
56.35
56.09
56.16
56.01
56.57
56.16
56.73
56.54
56.56
56.82
57.02
56.69
56.51
56.38
56.27
56.66
56.65
56.79
56.69
56.85
56.92
56.89
56.77
56.63
56.85
56.55
56.82
56.81
56.57
56.65
56.98
57.05
56.83
56.73
56.7
57.14
57.12
57.15
57.31
56.96
57.1
56.56
56.93
57.01
57.12
56.61
57.24
56.71
57.34
57.18
57.16
57.35
57.21
57.14
57.01
57.02
57.38
57.25
57.32
56.99
56.99
57.66
57.23
57.32
57.39
57.19
57.22
57.32
57.16
57.13
57.76
57.28
57.36
57.2
57.36
57.52
57.25
57.54
57.77
57.7
57.85
57.74
57.47
57.83
57.58
57.44
57.67
57.85
57.77
57.69
57.79
57.6
57.75
57.75
57.28
57.14
57.44
57.53
57.16
57.24
57.38
57.76
57.82
57.74
57.84
57.82
57.57
58.16
57.77
57.66
57.6
57.91
57.73
57.92
57.79
58.14
57.79
57.39
57.65
57.93
57.87
57.73
57.88
58.35
57.96
57.81
57.93
57.83
57.99
57.91
58.19
57.77
57.69
57.67
57.87
57.97
57.9
58.11
57.83
57.98
58.06
