19.06
28.68
25.29
34.79
54.56
67.79
77.54
78.57
76.66
70.89
82.6
89.29
91.33
87.01
90.93
90.19
89.77
90.71
89.33
92.47
93.66
92.39
91.97
93.57
92.04
93.39
89.3
90.55
95.02
93.95
94.72
94.68
90.26
96.01
94.26
94.4
94.59
95.68
95.76
95.93
96.31
95.48
95.83
96.28
93.24
95.96
96.48
96.48
96.28
96.02
96.05
96.49
95.57
96.3
97.14
96.18
95.87
94.87
94.86
96.26
96.92
96.88
96.18
95.57
94.13
93.76
95.77
95.89
96.97
96.37
96.2
97.05
96.69
97.07
96.24
96.51
97.04
96.22
96.85
95.72
96.9
97.3
96.39
96.9
96.77
97.43
97.13
97.64
97.46
97.01
97.07
97.41
97.41
97.37
96.77
97.1
97.26
97.68
97.11
95.87
97.24
97.8
97.61
97.78
97.22
97.79
97.03
95.76
97.4
96.72
97.67
97.71
97.75
97.35
96.95
97.88
97.32
97.15
97.97
97.71
96.25
97.26
97.35
96.82
97.85
97.68
97.06
97.87
97.36
97.63
97.72
97.8
97.38
97.18
97.42
97.44
97.84
97.75
97.79
97.08
97.62
97.79
97.44
97.97
97.19
98.06
97.6
97.96
97.83
97.58
98.11
97.99
97.11
97.56
97.45
97.86
97.87
98.06
98.14
97.78
98.09
97.87
97.28
97.99
98.14
98.03
97.98
98.03
98.18
98.05
97.96
98.1
98.03
97.56
97.11
96.96
97.63
98.11
97.98
97.95
97.96
98.04
98.2
97.69
98.01
97.84
97.64
98.06
98.27
97.79
97.93
97.98
98.21
97.72
98.03
97.33
97.72
98.02
98.3
98.07
97.68
97.89
97.61
97.61
97.8
97.35
97.87
98.38
98.3
98.18
97.97
98.2
97.62
98.12
97.71
97.83
97.75
98.04
98.26
97.59
97.45
98.37
98.1
98.01
98.29
98.26
98.05
98.26
97.94
97.85
97.84
98.08
97.97
97.88
98.35
98.38
98.04
98.23
97.99
97.74
98.13
98.2
97.86
96.94
98.1
98.14
97.98
98.25
98.15
97.97
97.1
97.23
98.12
98.28
98.05
98.13
98.14
98.41
98.07
98.11
98.09
98.17
97.17
98.18
98.37
98.18
97.87
98.1
98.2
97.96
98.21
97.62
98.37
97.83
98.44
98.2
97.91
97.77
98.42
98.42
98.42
98.4
98.03
98.24
97.87
98.17
97.17
98.1
98.24
97.52
98.48
98.13
97.69
97.92
98.23
98.43
98.23
98.22
98.27
98.53
