2.542838348770142
2.3615252723693847
2.148991463470459
2.295754563140869
1.3895424348831176
1.02049503364563
0.7435306910037994
0.6336159369945527
0.6041705044269562
0.8374747290611267
0.5114006208658218
0.34655316171646117
0.28935805016756055
0.3907873348236084
0.2843559346973896
0.3074525995492935
0.31289314979314803
0.27917184661626815
0.3079465340614319
0.22320532886981964
0.1950182920485735
0.23242774314284326
0.25466137408018114
0.19846618029475213
0.22633595519065858
0.19272063549160956
0.303868321621418
0.2698878640294075
0.15572476186156273
0.18632407128810882
0.16403447267115115
0.16376966247558594
0.2638681015491486
0.12729699915349482
0.17770223547518255
0.17553756242543458
0.16712382481098176
0.14070550684332847
0.1280435375869274
0.12483176194578409
0.11387659156471491
0.13921572621464728
0.12891346684098243
0.11465163120925427
0.19993427386283874
0.12067579797804355
0.10969521100670099
0.1104367542296648
0.11271609789431095
0.12438467222899198
0.11705069267228246
0.10475997235774993
0.13307475690841675
0.11144804140850902
0.09055683836862445
0.11249726048111916
0.11760084041059017
0.14789727475643158
0.1588080683708191
0.11346353816688061
0.09312905716449023
0.09911481778770685
0.1163466804061085
0.13478310368061067
0.17747463536262512
0.20053651676177978
0.13310173138976097
0.12719851413965225
0.09090036120712758
0.11089836583212018
0.11100451221466065
0.09344349469393491
0.10438681474477053
0.08585301077663898
0.11697726204395294
0.10652792359218001
0.0917837079577148
0.1103767648383975
0.09954792846143246
0.12988135192990302
0.09128171335905791
0.08279637654274702
0.11026914308518171
0.09789320859313011
0.10253653890490531
0.07933094616681337
0.08893806485980749
0.07359626481346786
0.07866574452593923
0.09515616953074932
0.08834255010783672
0.08265755471140146
0.07725910805910825
0.08159148629903794
0.10268907253146171
0.09339620147496462
0.08692985440641642
0.07384383877050131
0.0887175718948245
0.12025568254683167
0.08320735231414438
0.06658938714619726
0.07520181880369782
0.06633804617971181
0.08651564191877842
0.06842923106215894
0.09157259189933538
0.12135445974767207
0.07769697896465659
0.09906361159682274
0.07370349697172641
0.07099151333421469
0.07003215719051659
0.08427118256855756
0.0959157727215439
0.06912634755014442
0.08484641246446409
0.09200128192156554
0.06535241806507111
0.0721262786667794
0.1122431799530983
0.0805240722693503
0.08754519626908004
0.10403492754511535
0.06653483619317413
0.07645913445781917
0.09269580389307812
0.0680864912235178
0.0823820224903524
0.07078263830896467
0.0678986149802804
0.07056845430247485
0.08262679486870765
0.08935055158520118
0.07831564403548837
0.08443926864974201
0.06714118134537712
0.06929887486733496
0.07129438666347414
0.09080044579282404
0.07858852094579488
0.06948926413552836
0.0799647809593007
0.06709607392549514
0.09127750790342688
0.06081240683719516
0.07675214857645332
0.06549298406448215
0.06600235657952726
0.07118891637222842
0.06180885625723749
0.06611323466971517
0.08519672338217497
0.07604885869082063
0.07974874414056539
0.0663339186232537
0.06587809108495712
0.06261082013677806
0.05758773168819025
0.06698234119005501
0.060166321380157026
0.06510924413101747
0.08004388799257577
0.06390808067526668
0.05849992742650211
0.06015684242574498
0.06351132875476033
0.061781290834397075
0.06164242884926498
0.060099615452997385
0.061486164031922814
0.06237196759562939
0.059611040787957606
0.07417032567576971
0.0892499198820442
0.09387015801481903
0.07406375834792853
0.05748301649019122
0.06374178189150989
0.06777831774014048
0.06761474425941706
0.057730029582604765
0.05590387995354831
0.07076226987503469
0.061115173145569864
0.06903150879070163
0.06597431651465595
0.06280963950734586
0.053965106232883406
0.0650703399819322
0.06663759014084936
0.059570449398318306
0.05701437039552257
0.07130222328472882
0.05907799295987934
0.08092238285653293
0.0739955425864202
0.05861548412840348
0.05685127244219184
0.0634028433624655
0.07040407350985334
0.06235840642247349
0.07366455643903463
0.0722745709836483
0.06656565051402431
0.08097369508966804
0.06127822998929769
0.05114506788291037
0.05603614044599235
0.05557583104018122
0.06204809796363115
0.05667357488516718
0.07475388012607583
0.060762260690843686
0.07242606918336823
0.06997897940088296
0.07072641812865622
0.06476215103221475
0.058239432515762746
0.0750934933579294
0.07750551312555326
0.052960699168965224
0.05691408724170178
0.06537185354564572
0.05121093833737541
0.054532964283903126
0.06203095849864185
0.05894739336716011
0.06912638371419162
0.06766119532518787
0.06943189340857789
0.06131818906613626
0.06297503899540752
0.06481862511057407
0.05293775640865788
0.052662828598101626
0.05914707408891991
0.056403643473866394
0.06425058817407116
0.068906005408708
0.05638754157561343
0.055800692278239875
0.06714242069795145
0.09421496745161712
0.05788968815341359
0.05931189249535091
0.06705629596672952
0.06235230139698833
0.059266554786032065
0.06313184613811318
0.09461943722600118
0.08822269375086762
0.058605424291139935
0.05476806345921941
0.060083682610746474
0.06164018463736866
0.06100101035541156
0.05354622408135328
0.06147063732929528
0.06281355833461276
0.0609228560682619
0.06037513522626832
0.0913003150433302
0.056581506338343024
0.05259207229558378
0.060231820782646536
0.06700241953553632
0.06091174706595484
0.0579642751162406
0.0639140040792292
0.06111516712433659
0.07871888898415491
0.05489028092455119
0.07101329966373741
0.050039991107420065
0.05560107500625309
0.06413241032268852
0.07010705875414423
0.05334045019594487
0.050296342394826936
0.04988339395429939
0.04931556425401941
0.06172332695852965
0.055395537833496926
0.06334585527414456
0.06056226659161039
0.09499658936746419
0.06349323196499608
0.0555234487997368
0.07730944344252348
0.050991497292905114
0.058660419828211886
0.0714488697548164
0.07185724743455649
0.05665389400941785
0.04953144434215501
0.05546634019520134
0.05846228868258186
0.052911916110478345
0.047756141152279455
