13.79
17.03
25.95
29.86
33.45
36.44
39.29
41.41
43.71
44.72
46.45
46.88
47.46
48.26
48.92
49.6
50.23
50.01
50.32
50.87
51.04
51.12
51.36
51.42
51.22
51.3
51.83
52.09
51.51
51.4
51.93
51.79
51.94
52.45
52.67
52.55
52.63
53.2
53.29
52.52
52.39
53.4
53.08
53.35
52.97
53.04
53.73
53.22
53.36
53.78
53.47
53.78
54.01
53.6
53.79
53.81
53.94
54.15
54.16
53.66
53.65
53.91
53.79
53.65
54.1
54.4
54.14
54.53
54.18
54.21
54.29
54.28
54.49
54.02
54.2
54.76
54.13
54.48
54.17
54.18
54.4
54.42
54.7
54.48
54.85
54.77
54.02
54.49
54.25
54.35
54.22
53.74
54.24
53.98
55.04
54.4
54.19
54.26
54.57
54.55
54.91
54.47
54.66
54.7
54.56
54.56
54.39
54.09
54.58
54.5
54.57
54.76
54.42
54.39
54.47
54.62
54.64
54.71
54.66
54.62
54.78
54.62
54.78
55.09
54.9
54.85
54.36
54.71
54.69
54.46
54.25
54.61
54.89
54.49
54.67
54.59
54.63
55.02
54.44
54.92
54.59
54.48
54.78
54.58
54.3
53.82
54.62
54.55
54.38
54.08
54.13
53.93
53.85
53.82
53.83
54.13
53.91
53.59
54.18
54.41
54.21
53.85
54.01
54.16
53.84
54.32
54.39
54.44
54.59
54.48
54.41
54.78
54.72
54.47
54.69
54.31
54.12
54.57
54.32
54.34
54.18
54.23
54.47
54.24
54.32
54.55
54.6
54.59
54.29
54.7
54.87
54.89
54.68
54.55
54.77
54.69
54.53
54.72
54.42
54.89
54.68
54.89
54.41
54.81
54.6
54.54
54.71
54.61
54.78
54.43
54.68
54.76
54.48
54.3
54.02
54.33
54.37
54.09
54.12
54.33
54.28
54.15
54.05
54.24
54.14
54.39
54.53
54.11
54.02
54.21
54.34
54.22
54.1
54.26
54.65
54.5
54.46
54.32
54.16
54.65
54.36
54.43
54.7
54.11
54.17
54.4
54.36
54.36
53.92
54.07
54.56
54.11
54.37
54.17
54.38
54.32
54.27
54.37
54.71
54.24
54.39
54.02
54.35
54.61
54.28
54.4
54.41
54.73
54.3
54.51
54.38
53.99
54.54
54.12
54.6
54.38
54.18
54.14
54.18
54.56
54.41
54.16
54.38
54.5
54.78
54.44
54.54
54.24
54.42
53.96
54.4
54.48
54.35
54.32
54.52
54.6
54.9
54.98
54.38
54.57
