12.66
26.51
34.91
39.01
54.58
59.5
58.74
74.69
67.41
73.33
72.29
75.41
70.64
59.09
77.0
76.01
77.3
79.76
81.72
77.33
84.69
82.55
80.79
73.66
76.91
86.3
82.34
84.38
85.32
87.71
75.88
81.69
82.13
88.69
77.88
88.37
85.99
88.47
84.62
78.76
77.47
82.17
88.76
86.63
84.51
91.39
84.65
87.67
90.94
89.71
91.96
90.02
86.91
91.27
92.26
87.85
83.47
89.84
90.17
91.07
88.4
85.72
90.74
92.66
91.6
90.88
93.74
90.88
87.69
90.96
90.57
90.78
94.19
91.51
91.75
90.23
93.07
88.62
89.89
92.46
90.14
94.14
93.08
91.81
85.92
93.78
92.41
87.7
85.69
87.22
92.02
93.04
91.34
90.41
90.83
90.04
91.68
94.91
94.58
92.48
92.93
91.66
93.25
94.86
91.84
92.32
92.26
94.27
90.88
93.57
95.06
90.48
94.23
94.78
95.36
93.43
93.71
93.78
94.38
93.9
87.82
90.56
93.19
95.73
95.47
94.77
90.21
91.51
94.55
94.62
95.1
91.62
94.51
94.58
91.1
94.86
94.16
88.68
94.83
94.07
95.02
94.85
94.7
95.68
96.24
93.2
95.78
95.15
94.67
92.87
95.22
95.5
95.74
95.45
89.62
94.27
95.87
95.94
96.09
96.02
91.61
93.67
95.32
95.25
94.71
96.14
96.25
94.38
95.78
95.82
88.16
95.6
95.8
95.37
89.99
95.79
94.45
95.54
95.69
95.2
95.99
94.34
96.04
95.76
95.9
95.26
95.82
95.96
93.13
96.16
92.51
95.26
96.33
93.96
95.87
96.43
95.39
96.35
94.04
95.36
96.04
95.39
96.79
91.28
80.33
95.0
95.22
95.77
96.7
96.21
96.53
95.79
95.42
96.28
97.3
95.55
96.13
95.11
95.8
95.61
94.27
96.79
95.67
94.84
95.49
96.97
96.37
93.35
91.35
96.42
95.34
96.76
94.59
95.2
95.92
94.25
96.44
96.11
95.04
97.02
96.38
95.11
96.24
96.67
96.0
96.67
95.11
96.69
96.82
95.22
96.41
97.02
96.6
96.55
94.91
96.13
96.36
94.97
96.76
96.98
96.33
96.25
96.71
95.3
96.49
96.35
95.28
97.06
96.72
93.81
96.71
97.02
94.43
96.92
95.94
94.9
96.46
96.46
96.79
95.66
95.99
96.44
96.21
96.92
96.52
96.83
96.68
96.48
96.94
96.42
96.81
96.88
96.8
94.86
96.89
94.86
93.21
94.93
96.26
96.08
