2.8361275844573974
2.335197092437744
1.8099526193618773
1.8075844577789306
1.3310321487426757
1.373622615814209
1.345566672515869
0.9023809083938599
1.0168273768424987
0.7586508350372314
0.7721324952125549
0.7290493311882019
0.7774892369270324
1.225255295753479
0.7801063284873963
0.6919371012210846
0.6349028168201446
0.5936298680782318
0.5151574837684632
0.6160049725532531
0.48427397899627683
0.5185538083076477
0.5538045507907867
0.7070961884498597
0.6904723499298095
0.4228356240272522
0.5256480732917785
0.4604422767877579
0.40386124403476714
0.3520850193023682
0.6031558533191681
0.4948620322227478
0.5234695795059204
0.3592694827079773
0.6177763059616089
0.3711128922939301
0.4119772770643234
0.3574193642139435
0.422047883939743
0.583062258720398
0.6543397736549378
0.4679535781383514
0.33348353185653684
0.39712577543258665
0.4203478233337402
0.2863983023762703
0.46857139739990233
0.38045814666748046
0.29016163854599
0.3322363985776901
0.26369467165470123
0.2845666949272156
0.36114980340003966
0.2764337653160095
0.249053431391716
0.3600405690431595
0.45416401734352113
0.3035572552680969
0.294414309155941
0.26792484397888183
0.31787005000114443
0.3986533974647522
0.2852058553934097
0.2358914480447769
0.2543908036470413
0.28103251934051515
0.20158808586597443
0.2840797295451164
0.35012037651538847
0.28726014688014984
0.3055945127308369
0.2744722088158131
0.19670342011451722
0.2422346933364868
0.24929290043115615
0.2755634654998779
0.22316029616594316
0.3320529056072235
0.27860684666633606
0.22660701619386672
0.2846967687606812
0.19050082985162736
0.21356986758708954
0.23165360481739045
0.39485052394866943
0.19075509895086287
0.228928655731678
0.33418013162612914
0.37526051745414735
0.3417953093767166
0.24286133785247802
0.21559748529195785
0.2407634111881256
0.2714937449336052
0.2501814418077469
0.2599474016904831
0.24346183511018754
0.1680717221558094
0.18050400227308272
0.22787797515392302
0.22141672545671462
0.24643050963878632
0.1961095109462738
0.16369504598379137
0.23517094049453735
0.21912148697376252
0.20780882194042205
0.179211172580719
0.2711911846160889
0.1992365082383156
0.15858735511004926
0.265373319208622
0.17218054991960524
0.16866983246207237
0.14809297843575478
0.19875457203388214
0.19274858665168285
0.20089826698303223
0.16913880280256272
0.17785609395503998
0.32433454093933106
0.2563344512224197
0.21412332999706268
0.13869582958221435
0.14234963111281396
0.16158674721717833
0.2867101050019264
0.23353039338588716
0.17074226282835006
0.16034211980700494
0.15200147156715393
0.2355844727754593
0.1692920497596264
0.16644547782540323
0.24012185837030411
0.1558031564950943
0.16580408155918122
0.3069502146244049
0.1630123717993498
0.18955906944274903
0.15440746020674706
0.15923189132213592
0.16648567922115326
0.14080184908509255
0.12077241054326296
0.1849138991713524
0.1362079005599022
0.1493724661707878
0.17025015370845795
0.20707930853962897
0.14821540282964707
0.14058025079369546
0.140325134781003
0.14037703764736653
0.28234127150774
0.1694788095831871
0.1274810626015067
0.12204626682698727
0.12832961323410272
0.12976480546444655
0.2310175691962242
0.176086736702919
0.14422414339780806
0.14359355161190032
0.15638162302970887
0.11615151056349278
0.12176565706282855
0.16255750266313554
0.13073029628098012
0.13624287729263307
0.31216048765182497
0.1369981898754835
0.137817610925436
0.13546085408329964
0.2910940281391144
0.13012173049747944
0.1594900637805462
0.13270322988033295
0.13453972213864326
0.14718383772969246
0.1260085268676281
0.17525955417752265
0.12641544366180896
0.12871870063245297
0.12434309824407101
0.14308394797891377
0.12785880911946296
0.12772520731985568
0.20005591141879558
0.11618318080082536
0.2210056628882885
0.14699323287904262
0.1132540561504662
0.18413018083572388
0.13211175586730242
0.10758484833687544
0.1391015896499157
0.1150363421857357
0.16573933550715447
0.14437984237670898
0.11821822427511215
0.13202224550247194
0.10675935102105141
0.24814606828689575
0.5982686689376832
0.1536453014612198
0.14161766111850738
0.13547975168824195
0.10407237009257078
0.11931467955410481
0.11861330525577068
0.12661154071688652
0.1361809849023819
0.11208863534629344
0.08744701258689165
0.1326918197453022
0.12873674259781837
0.1526300974011421
0.12760740803480147
0.1250020651638508
0.17815603011846542
0.09830724398642779
0.13066423607170582
0.15356587647795678
0.13394756156504153
0.09273627537190914
0.10924287796467542
0.18451746492385865
0.2465867274284363
0.10742792649418116
0.14045173090547322
0.10169004563391208
0.15245413621664047
0.14713498988449575
0.11890804688334465
0.1544209281861782
0.11092415413409472
0.11943497664779425
0.14107320693284273
0.0953619543671608
0.1057411095649004
0.13522048558294772
0.11648497976250946
0.10765819170027971
0.12405765125080943
0.10554632396697998
0.1479440205723047
0.10449612972587347
0.10029109875410795
0.13813139662742616
0.11164727269075811
0.09723356408923864
0.10271360420435667
0.10780800670683384
0.14429343002438544
0.1216280590750277
0.11271887497156859
0.1490226868659258
0.10358408142700791
0.09765649021938443
0.113794065348804
0.1120574024617672
0.1043528802908957
0.12458971472978592
0.10241250486075879
0.11002412465661764
0.14950228102505206
0.09245315804183483
0.09596236340999603
0.17567083782553672
0.10163236241787672
0.08781233043670654
0.14837944054305555
0.0984885231256485
0.13176046532690525
0.15344302307367325
0.10735208372324705
0.11468320485427975
0.10174727124273777
0.12975697863698005
0.1281227367900312
0.10750548006147147
0.11620269121676684
0.10178170636408031
0.10618723301142455
0.09385116401985287
0.09726111251600086
0.11482498153448105
0.09506013899426907
0.10890095422565937
0.09951732996478677
0.099729984485358
0.09702570804730058
0.14372994230389596
0.09250598202347755
0.14169687759578228
0.18258209485709667
0.14502265708222986
0.1123318255212158
0.11827743806913495
