54.07
39.28
50.74
62.03
60.77
72.94
42.83
65.68
72.17
62.54
61.13
80.73
59.45
67.42
70.72
76.37
76.26
77.24
80.85
70.21
68.31
67.63
71.48
84.93
68.27
68.84
92.69
68.06
77.7
82.88
60.62
69.94
82.64
81.24
76.27
79.09
92.13
72.61
86.94
87.33
68.18
72.71
73.32
74.9
58.0
49.31
80.72
67.59
56.72
68.8
58.81
67.71
86.92
69.5
80.33
95.58
66.72
77.43
85.64
94.16
81.9
91.77
85.13
80.39
68.62
79.55
72.87
80.74
89.78
72.44
72.88
92.38
94.59
83.86
93.1
87.69
93.26
88.19
82.61
67.3
86.49
87.16
89.59
78.19
94.0
82.81
78.43
82.92
81.39
83.76
74.4
71.57
71.13
78.28
90.68
89.28
85.29
79.72
75.88
71.77
69.15
85.34
82.26
93.93
89.31
71.26
76.94
87.58
77.35
86.66
84.23
66.12
84.83
82.75
74.03
89.46
68.98
88.74
89.93
64.47
95.83
87.01
93.04
83.41
90.32
71.07
70.12
79.39
78.47
79.88
80.1
77.02
85.41
73.3
79.14
76.99
78.8
73.81
71.71
85.37
77.8
85.42
92.34
76.95
80.52
82.71
85.19
79.13
65.18
75.02
77.26
71.75
67.27
93.52
82.08
79.38
87.98
86.94
86.57
72.39
82.98
95.37
85.75
80.01
68.46
82.58
97.1
90.98
90.64
75.1
58.93
81.94
90.11
69.01
70.28
92.4
76.57
87.07
94.35
85.95
89.0
85.31
75.54
81.32
94.79
85.63
72.19
87.24
89.88
81.33
78.35
80.24
57.95
91.38
92.17
86.57
90.14
89.59
93.07
73.12
92.67
62.23
75.81
73.04
83.66
81.05
77.83
86.4
97.44
71.08
63.36
86.73
77.24
87.28
61.51
90.35
82.17
84.44
94.07
82.17
81.07
85.68
85.79
89.6
86.52
95.29
87.31
71.52
82.65
81.98
78.57
84.28
92.61
84.6
72.08
77.89
86.45
91.82
82.39
88.67
80.4
92.46
85.22
84.57
90.61
86.6
69.32
93.9
92.82
78.48
96.88
81.64
84.49
78.1
84.51
93.1
94.14
69.73
94.02
81.73
92.27
72.87
63.78
81.98
94.73
96.48
86.96
66.78
95.65
85.1
91.53
85.56
85.18
91.82
86.56
84.31
87.89
84.46
86.76
78.54
84.04
72.66
80.53
57.65
74.11
93.9
89.12
88.63
88.36
83.74
72.15
95.18
75.58
82.48
81.27
71.65
75.17
79.93
79.81
62.51
