1.9029378015518188
1.959572650527954
1.6447066383361817
1.718324104499817
1.8829612228393555
0.80096511926651
3.075197710800171
1.4174015949249268
0.846503243637085
1.6259355716705322
2.356245280456543
1.1312906600952148
1.2184350625991822
1.154305153465271
0.8191727236747741
0.7733612085342407
0.8694580007553101
0.9371800935745239
1.0896939595222472
1.4838682565689088
0.960342893409729
1.5086001796722412
0.7254172588348389
0.47924322566986083
0.9006921029090882
1.2160451683044433
0.25341665079593656
1.5749033634185792
1.0239132386207581
0.5257498739719391
1.9052638889312745
1.2205523874282838
0.5284545229911805
0.6092320741653442
0.9571046876907349
0.6861588117599488
0.22506079382896424
1.1720826152801513
0.40863366694450376
0.37014930708408356
1.1881674598693848
0.7942117261886597
1.0819692377090455
0.9059945796966553
1.834019080734253
2.4414957023620607
0.6979168444633483
1.4683064949035645
2.808680960845947
1.7868289569854736
2.1467980110168456
1.1880134660720825
0.4123984522819519
1.2449315250396729
1.0870186338424683
0.15948527677059174
1.1168339084625245
0.7795401266098022
0.8234728880882263
0.19795648337602614
0.5024534481048584
0.21647681040763855
0.45887818613052367
0.8712060196876525
1.6591676971435547
0.7596808088302612
1.080242672920227
0.5703789275646209
0.33278786497116086
1.0260474859237672
1.0589890672683715
0.2458795310497284
0.17147721724510193
0.6392467293739319
0.18978323783874512
0.3761501168727875
0.1896541238963604
0.378673414516449
0.6022997158050537
1.4459091287612915
0.7277633731842041
0.5593353036880493
0.3185324120044708
1.1071205583572388
0.183521146273613
0.5306692038536072
0.8963985059738159
0.8179154943466187
0.6153928937911988
0.4713459604263306
0.9738910753250122
1.298958649635315
1.6025772144317627
0.8375194768905639
0.2997233124017715
0.2809051133811474
0.4805840892314911
0.8813511310577392
1.0256380402565002
1.4884123023986817
1.8368206146240234
0.7106836741447449
1.2496315048217774
0.16960478549003602
0.2733942993402481
0.9881682168960572
1.0122862602233886
0.37698749856948854
0.9997938512802124
0.4534280192375183
0.5317273867607116
1.7584614307403565
0.6750017462730408
0.6035168240547181
0.9776135050773621
0.3300200307369232
1.2916740953445434
0.3566012417316437
0.2704213643312454
1.7063330955505371
0.1353282683596015
0.38825923285484315
0.1987700646162033
0.6298877279281616
0.27295447373390197
1.43505166015625
1.547136752128601
1.045091649055481
0.7169396485805511
0.66084597158432
0.6511537506103515
1.0174815217971802
0.45268882830142976
1.1350547469139098
0.8017391736984253
1.4379208492279052
1.423265697669983
1.217317555809021
1.6726528350830079
0.5315344428062438
1.0063617542266845
0.6767724652290344
0.22329650411605834
1.3304010122299195
1.0973534908294678
0.9108346054077149
0.5298502805709839
0.8416675174713135
1.4297552320480347
1.574522304725647
1.1559252222061158
1.2901603519439697
2.10578741645813
0.1810964188337326
0.6294643421173096
0.7298426305770874
0.4755000259399414
0.84932893409729
0.5131408126354218
1.5077226642608643
0.7845055301666259
0.14859648557603358
0.5595551352977752
0.7560387994766236
1.9436572040557862
0.6442232695579528
0.08965150555372238
0.22839881150722505
0.24627103159427643
0.9184458402633667
2.2858986251831053
0.7153361833095551
0.3456400605201721
1.055002658367157
1.3621230211257935
0.22200600564479828
0.7822081322669983
0.3929881694316864
0.16812534930706025
0.7786515142440796
0.4041064096927643
0.6484413285255433
0.7809908082008362
1.1160561967849731
0.14646073074042798
0.526848179769516
1.0378236478805543
0.6997866430282593
0.30739255075454713
0.6682459109783173
0.9841907550811767
0.6072060688972473
2.2800812942504884
0.2241248151898384
0.22378835153579713
0.41305432534217834
0.3425117771148682
0.36012509883642196
0.2270086373567581
1.4872408100128174
0.2252986159801483
2.0150788948059084
1.1145724054336548
1.6168475620269775
0.495290473651886
0.6180003496170043
0.8252035737037658
0.5072459230422973
0.0939779202491045
1.0763261483192443
1.9102527164459229
0.6781825416564942
0.8553097146034241
0.3590304074287415
2.2013468696594236
0.3133450317144394
0.7267881669998169
0.5656630002975463
0.2019040309071541
0.5074856537818909
0.8962199728012085
1.033553212928772
0.9171173793792725
0.33235591621398924
0.4905990674972534
0.14750215936005115
0.660594561958313
1.8779077514648437
0.9915561750411988
0.9544857797622681
0.7454198748588562
0.5571701404571533
0.20354921984672547
0.5304269707202911
1.3225127487182617
0.9954468265533447
1.011073091506958
0.2834190771341324
0.6146256133079528
0.7633771867752075
1.2101734720230102
0.21804045088142157
0.6150673288345337
0.46339400701522826
0.31684591262340545
0.35067484357357026
1.31277025680542
0.20388383824825287
0.2393125877261162
1.077238524055481
0.11133049956560134
0.8449351764678955
1.0562497361183167
0.8912481307983399
1.0115342470169066
0.2142364476919174
0.1723105980411172
1.7381394134521484
0.18185791237950324
0.6473726920127869
0.21373438329696656
1.1665799052238464
1.9096403266906739
0.8179181891441345
0.15033135430812836
0.1140506470322609
0.4533212164402008
1.6734548263549804
0.14820990554094315
0.4802441034793854
0.2311954053401947
0.5465057298183441
0.5155023301124573
0.26537271666526796
0.800074125289917
0.4897375824928284
0.47037348766326903
0.9851546384811402
0.5102986895561218
0.8358468095779419
1.2926923389434815
1.2561968471527099
0.484821685218811
1.7094778057098388
1.1673546969413757
0.1780370974779129
0.31316031694412233
0.33566879444122316
0.43039702816009523
0.4553546540737152
1.1513482948303222
0.1452274414539337
0.6293431352615356
0.7469378963470459
1.0433863481521606
1.2640399742126465
1.4243956241607667
0.6951744173049926
1.0853452846527099
1.7472898738861085
