10.0
10.74
10.0
10.48
11.76
10.0
14.71
16.55
15.48
16.97
12.22
14.22
10.12
10.0
16.36
21.66
17.38
21.66
23.95
19.05
22.51
22.29
23.37
18.32
16.94
21.89
27.72
30.09
21.7
23.75
19.24
23.85
24.66
25.96
25.72
25.5
21.83
32.66
33.45
24.07
25.37
32.54
16.57
34.68
28.45
31.32
29.6
32.11
33.4
29.0
21.9
28.59
26.94
34.14
19.67
29.97
31.5
30.57
31.26
31.19
26.19
36.19
38.08
35.43
39.0
32.84
28.95
22.6
35.82
19.7
35.06
34.48
35.58
33.5
35.94
32.76
35.99
42.05
32.02
31.45
28.41
35.77
36.13
37.18
33.36
34.23
39.02
36.52
37.95
39.28
32.89
34.68
36.52
34.43
40.2
31.06
38.54
44.06
40.0
35.33
35.84
30.24
35.42
33.48
38.65
39.52
38.61
31.34
36.2
34.58
40.01
32.75
31.92
36.32
43.35
44.14
44.73
33.44
35.22
43.13
41.3
44.02
39.53
38.64
44.75
35.73
40.01
40.23
36.08
39.23
42.22
40.57
38.09
39.41
41.56
39.2
42.2
37.84
28.88
28.74
33.6
43.27
37.93
46.42
40.26
38.88
36.05
43.02
46.2
43.23
41.11
37.7
38.1
46.5
47.7
44.62
38.62
42.44
44.45
39.08
43.46
38.91
41.76
46.95
47.96
38.21
45.69
44.98
40.68
40.16
36.39
40.61
39.13
43.09
49.0
40.35
33.95
49.13
40.02
37.2
41.53
38.39
29.5
38.65
45.49
40.97
47.37
33.56
38.9
48.69
43.17
41.74
42.27
44.79
38.22
38.09
43.69
44.79
43.58
45.9
46.98
45.49
33.58
31.16
37.8
44.21
46.02
48.74
45.65
43.91
46.18
35.05
48.31
48.64
43.41
42.6
42.77
42.25
45.6
46.26
45.68
45.68
37.93
51.15
46.08
45.39
44.83
43.7
39.4
49.31
48.17
46.07
41.71
45.35
50.77
38.48
46.07
42.32
38.41
43.89
37.13
50.35
42.3
38.36
45.07
44.83
45.28
47.73
44.99
46.93
45.66
47.35
47.79
47.46
48.16
43.29
48.83
47.45
49.27
46.51
43.84
49.4
40.01
48.54
48.13
41.89
47.75
40.93
46.44
50.04
49.65
46.97
44.7
45.8
49.68
45.01
46.07
46.54
47.89
41.06
45.33
41.86
47.05
45.41
45.18
46.61
49.16
45.27
47.41
44.87
44.93
46.55
47.01
46.91
36.89
37.28
47.74
42.84
47.88
48.55
