20.27
28.92
30.4
41.19
51.98
65.21
60.48
69.42
69.95
62.01
69.98
75.5
72.51
69.2
79.97
81.47
73.77
75.81
76.86
73.07
87.45
81.04
85.1
88.61
81.69
86.96
88.35
90.16
85.53
78.92
82.92
91.74
87.97
91.24
86.0
87.39
87.69
86.84
90.99
92.27
88.39
92.33
91.47
91.0
91.41
92.14
93.59
86.34
90.64
92.38
93.07
90.1
91.21
88.63
94.26
92.1
93.95
91.48
94.14
94.22
80.35
93.61
94.02
91.41
94.75
92.07
90.25
93.52
94.75
93.87
95.04
93.47
93.79
94.69
95.01
91.3
91.97
95.45
91.08
92.35
89.63
92.61
95.05
94.71
91.37
87.61
94.63
94.51
95.16
95.0
94.54
95.41
88.08
94.01
92.07
95.74
95.84
95.5
94.59
94.56
94.18
94.69
94.39
94.51
94.34
95.09
95.54
95.56
94.11
93.04
95.16
96.06
95.64
95.71
90.98
95.17
94.23
94.99
95.73
95.92
95.32
95.98
95.89
95.9
95.74
96.55
96.56
95.62
96.87
96.29
95.86
95.87
92.08
94.88
96.21
95.89
96.01
96.83
96.57
91.21
96.73
94.0
96.57
95.88
96.93
97.07
95.88
95.66
96.39
96.04
95.64
96.59
95.75
95.7
96.12
94.77
95.28
95.27
96.56
96.92
95.72
96.95
96.99
95.52
96.43
96.78
96.93
96.83
96.8
96.64
97.13
95.27
95.4
95.73
96.47
95.1
96.91
96.7
97.02
96.82
96.26
96.99
96.7
97.1
96.78
96.46
96.91
97.32
96.12
93.2
94.71
96.34
97.0
96.16
96.4
97.38
97.19
96.61
94.0
97.17
96.71
97.15
96.92
96.68
94.91
97.27
95.96
96.93
96.07
96.87
96.21
96.63
97.04
96.05
95.63
95.94
97.59
95.62
97.1
96.08
97.45
97.28
96.62
97.08
95.78
96.71
97.01
96.1
95.36
94.17
90.75
97.49
97.42
97.56
96.91
96.98
96.62
96.1
96.84
96.77
97.77
97.45
97.71
97.84
97.74
97.5
97.63
97.73
96.64
97.4
96.81
95.6
96.34
97.51
97.71
97.76
96.94
97.34
97.47
96.93
96.59
96.69
97.06
97.43
96.85
97.24
97.24
96.6
97.21
96.78
97.24
97.34
97.59
97.15
97.79
97.07
97.61
97.29
97.77
97.31
96.31
96.85
96.1
97.73
96.69
96.97
97.56
97.87
97.64
97.44
97.45
97.59
97.13
97.49
97.13
97.49
97.63
97.72
95.56
97.56
