2.3364001453399657
1.9998938163757325
1.7607271738052368
1.5996465770721435
1.306368065071106
1.1057887147903442
1.0482137449264526
0.894274375629425
0.926646572971344
1.0008493968009948
0.8929430283546448
0.6797979510307312
0.7151138663291932
0.8078527499198913
0.6374045310974121
0.5641610258102417
0.6798591740608215
0.6224933217525482
0.5938630017757416
0.745048761177063
0.402626637506485
0.5372130156517029
0.41756118698120115
0.3716747009992599
0.49401252865791323
0.3913211688995361
0.3548251426935196
0.3292797246694565
0.4146154804706573
0.5777491158485413
0.4472226535797119
0.28025438783168793
0.33945499794483186
0.3170616727590561
0.3992393377542496
0.35991060922145846
0.35987936697006223
0.3529336042165756
0.26737592599391935
0.2580952495098114
0.3030774820566177
0.25196562848091125
0.26384229211807253
0.2643757261276245
0.260931184220314
0.2332444517493248
0.23598354458808898
0.36122019414901735
0.2764351402759552
0.2428491251707077
0.22236382591724396
0.2692408033132553
0.2690446270465851
0.291237930059433
0.19414200642108917
0.22935215080976487
0.20786953759193422
0.24740175029039382
0.19556546937227248
0.1926129664480686
0.5058549127578735
0.20812701867818834
0.18717372502684593
0.25362157690525056
0.177341120159626
0.22968395988941193
0.2666749396204948
0.1886496134996414
0.174793352663517
0.20136480840444565
0.16332049221396447
0.19621821385622024
0.187387945741415
0.1814277812451124
0.16379104924798013
0.2423794355392456
0.22483997422456742
0.1631772050946951
0.2641245616912842
0.21305511059761048
0.27344821956157683
0.22353387269377709
0.16156810519695283
0.16061757211685182
0.23234328598976134
0.3181777395248413
0.1677865729689598
0.165903689879179
0.15105275083482264
0.15068338251262903
0.16090978828221558
0.14922184147834777
0.31568290724754333
0.18456122078895568
0.2280908205986023
0.1414390159904957
0.13942007030397655
0.14780792534947396
0.16492532452195882
0.16595636988580226
0.18648635848164558
0.1600530189484358
0.16201480479985475
0.15795914276242257
0.16388921191692352
0.15029750258028507
0.13340909588932992
0.13583050583600997
0.16321209384202956
0.19739415699243545
0.14515914209485054
0.13025959060937167
0.14336127017140388
0.13697683424949647
0.24356333217620849
0.150152170586586
0.17125343536138535
0.15471951843500137
0.12866653397679328
0.13362254329919815
0.1347334436893463
0.1262729954212904
0.12344573722481728
0.12762769938111304
0.13509082240462303
0.114887919485569
0.10900691807866096
0.13003762819766998
0.10383685802817344
0.11554488267302514
0.12283144087940455
0.1268154666364193
0.21515668342113495
0.15531124305725097
0.12274683938026429
0.13569129420518874
0.1268438917696476
0.104323340934515
0.10932247884869575
0.23895059641003608
0.10748905309736728
0.18482390668392182
0.11141016418933869
0.12871931163072586
0.09824667865931988
0.09777166691571475
0.1271504832148552
0.13307740671634674
0.11540146636068821
0.11727596174180507
0.12608981906473637
0.1078631422072649
0.13957322463393212
0.12663708687722683
0.11665558249950408
0.15987531193494797
0.14236360483169555
0.14274106147885324
0.10816509657502174
0.09883281204849481
0.1305609561085701
0.09731861586570739
0.10115395944714546
0.12364304401874542
0.10416566309332848
0.09806098710894584
0.09717691123709082
0.10549438809603452
0.10134802535772323
0.10673648054003715
0.09103841918110847
0.1287460661754012
0.13694356421381235
0.12223332070708275
0.10322327603697777
0.13638258302211761
0.09533766882717609
0.10088262459635734
0.09697916907072067
0.09707306625247002
0.11347450160086155
0.09645980269312858
0.10201349123716355
0.09509594700038433
0.10302858918905258
0.10655390720665454
0.10168008086383343
0.08669397695064544
0.11717172071784734
0.17641378477215766
0.1555418779850006
0.11214882694482803
0.09550075044929981
0.11322300736904144
0.10756002175286412
0.08584050030112267
0.08654900447577238
0.10753168186545373
0.1829294443845749
0.0886826267838478
0.1018098723322153
0.08777724453508853
0.0906216108545661
0.10044089674651623
0.15601968376636505
0.08748789097964764
0.1255765097260475
0.1010768600910902
0.12697065294981003
0.09679324693977832
0.11432238648533821
0.10235685709193348
0.0922450307816267
0.11442347627282143
0.12431432051956653
0.11332748086452483
0.07922872889488936
0.12860605792999266
0.09530703340023756
0.1119039129704237
0.08951277095526457
0.08397224652171136
0.10201103260219097
0.08658394846469164
0.13319220190048217
0.09941003539860249
0.0885823082253337
0.12103555045723915
0.137291073346138
0.1672642642736435
0.25348293070793154
0.0807940033107996
0.08590345754772424
0.0769357006393373
0.09398699314296245
0.09104061363488436
0.10677074325680733
0.11806000909209251
0.09623087763786316
0.09973236347436905
0.07804586347788572
0.08606070514768362
0.08070476600378752
0.07802090810537338
0.07345445847213268
0.07786643390059471
0.07488689497932792
0.07953275513201952
0.11042884285449982
0.08065031969547272
0.09937270212173462
0.1309518956720829
0.11367278693318367
0.08001397039145232
0.07265042690709234
0.07248017994090915
0.09437948269844056
0.08090900648534298
0.0819549540400505
0.0969660061120987
0.10033091832399368
0.09691406924314797
0.09394294393435121
0.07881907741054893
0.0920075253650546
0.08828208209574223
0.08722438973486424
0.10574617857038975
0.09183984951674938
0.099907690513134
0.08518734515458345
0.08199229440502823
0.07438152131065726
0.08635520228594541
0.06970668518058956
0.08671008175760507
0.07816344315484167
0.0893880479067564
0.07401420231498777
0.08306925182268024
0.1048412643738091
0.09441124435067177
0.12071892598867416
0.07594422886669636
0.10421384847760201
0.09806558563709258
0.07593034320920705
0.0720297369517386
0.07268018472269178
0.08071369954943657
0.07911801610030234
0.07222987515702843
0.08251248562373222
0.07829865747131408
0.09265107219219208
0.07870892326459289
0.07370019539110363
0.0707957093436271
0.12817159962058067
0.07872684572637081
