2.749804895019531
2.1797829071044923
2.991442910003662
2.4362953300476073
2.4015509872436525
1.294968033027649
1.6211746587753295
1.8116784564971924
1.5989384521484376
1.1415372619628905
1.4673012174606324
1.3873918905258178
1.3995729274749755
1.9269241655349731
0.9760707146644593
0.7968061985969543
0.6927619771003724
1.0770388578414918
0.868595317363739
0.46933627777099607
0.6450216556549072
0.8851110210418701
0.7641624094963074
0.6283196516036987
0.5407642890930175
0.7029668863296509
0.6277710170745849
0.7076089479446411
1.5029977169036866
1.1678335720062256
0.4451114796638489
0.43495124669075014
0.4949481969833374
0.47967668428421023
0.47549221529960634
0.5080437415599823
0.31440523557662964
0.33060717411041257
0.3001629158973694
0.41857363047599794
0.24473543972969056
0.25712490073442457
0.25114288717508315
0.2883349771976471
0.23178322266340257
0.22807436726093291
0.2719841770172119
0.2767971307516098
0.30116126873493193
0.4596870024681091
0.33399506602287293
0.2764635402202606
0.2665981523156166
0.3077936192512512
0.2882067164063454
0.26802060668468475
0.21400590484142304
0.3633442860126495
0.23968005061149597
0.274151011633873
0.22019610342979432
0.24229437268972398
0.27834218728542326
0.3535493625164032
0.319002804851532
0.2443696077466011
0.280912339758873
0.24974432611465455
0.21138200340270996
0.2545275508880615
0.18610628609657287
0.24116053762435913
0.23717808113098143
0.19193222093582155
0.19180607206821443
0.2172685822725296
0.27936739528179166
0.2767237478494644
0.18837930243611337
0.16381587675213813
0.20126573742628098
0.16192789318561554
0.1428589527130127
0.1421325406730175
0.1663140451669693
0.22043901424407958
0.1696874115765095
0.1906852953851223
0.1568082126736641
0.15986821828186512
0.15727518539726734
0.1625626510441303
0.1916038412451744
0.18381672706007957
0.12682704270482062
0.25378036422729494
0.19846089938282965
0.1317159160554409
0.13243307369947432
0.1401370222747326
0.2529962327957153
0.3141206100463867
0.20789891840815544
0.16180374988019466
0.14526649866700173
0.18839839597940444
0.33737723615169524
0.20796853939294815
0.15140106586813926
0.13248273965716362
0.12289281298816204
0.13098653339743616
0.11292847589850426
0.12191802331507207
0.16107780587375164
0.1593121030688286
0.1408007677823305
0.16487772550880908
0.11828280524015426
0.1295298102647066
0.13435878301560877
0.12529676977992057
0.12326249051690101
0.12621202211976051
0.11209057710617781
0.1068403947904706
0.11888217512965202
0.22849604531526566
0.12122111822962761
0.11480971201360225
0.12301524194180966
0.13237565236389637
0.1308615062251687
0.10792431360483169
0.11186357193291187
0.11791197588145733
0.10689815905392169
0.1087709710791707
0.10539664167016745
0.10185045427381992
0.15683831991255284
0.13711245536506175
0.11437703174948692
0.1283649281322956
0.14393115196824074
0.14381162308454515
0.10746891447007656
0.10047340056598186
0.1039855215460062
0.08698451701849699
0.09278795402944089
0.10142751384600997
0.12191778715252877
0.09617535171210766
0.10500955364704131
0.10394166929274798
0.09753358787298202
0.09115497720018029
0.0927870045505464
0.09685377927720547
0.10595258865356445
0.10021262033581733
0.09833676373660565
0.10550382632985711
0.09380861119031907
0.10739553102105856
0.09933166822344065
0.08633189327120781
0.09303885848745704
0.16519314368367194
0.1487665819644928
0.10951874175742268
0.11073998800367117
0.10078871624171734
0.0861642895206809
0.08668635154142976
0.0957529360204935
0.18328113095760346
0.09676932147666811
0.10943589948937296
0.11142657865285874
0.09757437284737826
0.10964546964168549
0.10483587779998779
0.09198645183742046
0.08859737121760845
0.07818563699424266
0.10492787445932626
0.11183809952586889
0.09390339329242706
0.08559432732760906
0.10352813114076853
0.08918760556541383
0.0798503210734576
0.10581769194975495
0.08318692565299571
0.07142463909871877
0.09052063405364752
0.07719114915914833
0.09655206263586878
0.09268555086553097
0.08011570361964404
0.1802358584076166
0.15258803799152373
0.11961168271452188
0.09188068643659353
0.07857734209820628
0.09859011437371373
0.07834698853902519
0.12784800296127796
0.12736483649909497
0.09001801257431508
0.07119863276407122
0.08655866187363863
0.08246242314875125
0.07998390133678913
0.07201146922670305
0.09797416388615966
0.13137139376401902
0.07683367421627045
0.08013056820370257
0.08575444770157337
0.08412526063024997
0.08150171256810426
0.1686884938120842
0.07539888047464192
0.07688293670527636
0.08968250883221626
0.08244724380224944
0.0858464794896543
0.08926558998078107
0.06689064624533057
0.08615538937449456
0.10138477046787739
0.09485822952240705
0.11356755006089807
0.10007058545723557
0.08592032237462699
0.0986568913873285
0.08542493169009685
0.08178252349197865
0.08692009422332049
0.08440919954888523
0.07208172574788332
0.07060322777926922
0.09326250268667936
0.07769849173314869
0.0841536600664258
0.09863596106171608
0.07676554710306227
0.07261395675130189
0.09569519581869244
0.09786132193189115
0.07918716533742845
0.08625429350286722
0.09618797081708907
0.08866027612686157
0.09288643613830208
0.07403696638047695
0.08554040983617306
0.07558533852174878
0.07447580368686467
0.09162044583782554
0.08180106971003115
0.08150438790172339
0.084556502058357
0.08451190132051706
0.0771075025305152
0.0645805526766926
0.06462325737755746
0.07380506079122424
0.09857093513458967
0.12149281508028507
0.08856274241320788
0.10061728709191084
0.12119922202378511
0.06358985116072
0.06478945713117719
0.07516442845650018
0.0882379449147731
0.0834564193315804
0.08068930235505103
0.0991971485465765
0.07817027282118798
0.10973542564958334
0.06574782880004496
0.0710436410330236
0.06873836422488093
0.06789367010556162
0.08211204587034882
0.07409731490667909
0.07383404402825981
0.09213797253910452
0.07509706234969199
0.07557801459506154
0.072438773772493
0.06326961931101978
0.06666379876863211
0.08901478172391653
0.1472859699547291
