2.278721622467041
2.1572896614074706
1.1628031799316407
0.5967078734874726
0.46281749148368834
0.3788164657831192
0.32309628286361697
0.30103892052173614
0.26111292514801027
0.24586231714487075
0.22266897382736206
0.20412875956296922
0.1912418713450432
0.18515723474025728
0.17326755428314208
0.1637623584628105
0.1578348620891571
0.15167995910048485
0.149482387521863
0.13445027228593825
0.12908401610553263
0.12622640632987023
0.12015851744711399
0.11804454509913921
0.1136718923330307
0.10862486607730389
0.10432809920758009
0.10016538552045823
0.09857212047427892
0.09544430420845747
0.09492683049589395
0.09381137310713529
0.0891354607924819
0.08828085878938437
0.087175674007833
0.08304620166048407
0.08147795803770423
0.08046577095091342
0.07742975946366787
0.07749052999317646
0.07828461325727404
0.07444367918297648
0.07282898796722292
0.06982270801104605
0.07443035207465291
0.06963395660445094
0.0688306685950607
0.0687885465040803
0.06724482812993228
0.06662995003275574
0.06725522267520427
0.06461573219783605
0.06586023853551597
0.06438464233372361
0.062088570159487426
0.061942203721776605
0.060859278543666004
0.06022925305198878
0.05870378100257367
0.05934054581336677
0.05805339679326862
0.05885096847042441
0.05760943640992045
0.05617195000639185
0.054608817974943664
0.054833984465990214
0.05540458313599229
0.054203684678301216
0.05366080487370491
0.05257424218095839
0.05392874730248004
0.050608788719866425
0.05186461513182148
0.05081894683502614
0.050236477144155654
0.05123074608165771
0.050013749714568255
0.04845062160175294
0.04787210559304804
0.04880000118296594
0.04860888391891494
0.04705508719570935
0.04705606193803251
0.04951310771349818
0.04902801959216595
0.048630420869402585
0.047656990183331076
0.04740162189127877
0.047121595826279374
0.0459256830255501
0.04375469218287617
0.04483171389419585
0.04608992159785703
0.045087692573759705
0.045176696472615005
0.04325561459264718
0.04228843743056059
0.04228090572124347
0.04121735082170926
0.04153464299337938
0.04391236908081919
0.04373348214700818
0.04194743353258818
0.041794884442165496
0.040486030204501006
0.04087977529503405
0.04171387355956249
0.04153798327641561
0.04091154415882193
0.03992951071150601
0.04060834253812209
0.040193609871296214
0.04015196263953112
0.03964591625723988
0.04025175985093229
0.03998890731772408
0.0384856891754549
0.039277557163499295
0.03945154475793242
0.03952728463560343
0.0397121068699751
0.03905289340135641
0.037756689666956667
0.03830149851078168
0.03772161266738549
0.03980900712562725
0.0371587815576233
0.03666051544365473
0.037083593854587524
0.03558185676624998
0.03618225062387064
0.03655770914717577
0.03632319006463513
0.036440024111093955
0.036193786979746075
0.034549138043355195
0.03680527342106216
0.03617812131503597
0.03592071145051159
0.036674836991773915
0.03626382119916379
0.0352553400718607
0.03476249910234474
0.03373784408723004
0.035518706425838174
0.03568687658784911
0.03386365760238841
0.035002006292203444
0.034046633928874505
0.03295334575483575
0.03454557146774605
0.03450997154009528
0.03423227932793088
0.03354452666640282
0.03356288277739659
0.03331098315450363
0.03210011347401887
0.03221376941003837
0.03293595242574811
0.0336079070863314
0.03301571997497231
0.03286192383663729
0.03269463397050276
0.03180642795353197
0.03209586414126679
0.03207858975138515
0.03212921243296005
0.0323606403474696
0.03246673132036813
0.03323515330702066
0.03198184179947711
0.032171550334594214
0.03215313487341628
0.03188214304561261
0.03176129496339709
0.03063970675528981
0.03127287746081129
0.03206544661838561
0.030986649003531784
0.030876295785605908
0.03094293893452268
0.031060581537196413
0.03171525101978332
0.03071252237041481
0.030340074895857834
0.030796202684845776
0.03067245496585965
0.032272881556488574
0.029915572555013932
0.03126766637628898
0.03027586215662304
0.031909192988602446
0.03188877150523476
0.03113548006309429
0.030662725769216196
0.0307609898051247
0.030617854804452508
0.030243531476682982
0.03052145195440389
0.03101711059748195
0.029901023240806533
0.028817650388274343
0.03011627760021947
0.029610101524274797
0.03021673476479482
0.030025684402231127
0.030620220089983195
0.029028342225798406
0.029674040153156965
0.02995667731165886
0.029956942706159315
0.029923465672694147
0.030174440302560106
0.02874539750381373
0.029206068762252107
0.02849600539423991
0.030683574136998504
0.029136486841971055
0.028343517020950094
0.028253829282568768
0.030744914473721293
0.028593051118939183
0.029172911761072465
0.029703012533159927
0.02869928905828856
0.02839965666090138
0.028634726617648265
0.028218844261998312
0.02850419131887611
0.027573291578283532
0.028291628732602114
0.029232592104189097
0.027958124597300776
0.028633189802011474
0.028680252181319518
0.028461886341078206
0.029216624080622568
0.027381566121196375
0.028286855162424036
0.027871045778947882
0.028569725793111136
0.028083329451642932
0.02834000707725063
0.02695252181736287
0.027191191496071406
0.027286559279332868
0.028712699697725476
0.028469681176380254
0.028723088820115664
0.02801850449971389
0.027735127477557398
0.027902655849209985
0.02862002033556346
0.027799929982610046
0.027797918348549864
0.02801078259863425
0.028022570710477885
0.028429365055053495
0.027952330386976247
0.02934279512539506
0.028231052869767882
0.027414151573262643
0.0272647892174311
0.026841805658082012
0.027527337562525647
0.028091300716786647
0.027560710178571753
0.026694170240254608
0.027966090341412928
0.027232030817330815
0.027514692844415548
0.026852224546205252
0.027626493478764315
0.028088912663049997
0.02704653592548566
0.027170278498833068
0.02726863160773646
0.027044248844916
0.026407903043413533
0.02776907358917524
0.028022395016241354
0.026850698694074526
0.028421509407903067
0.027060236516251463
0.027257867637102026
0.027461176043271553
0.028294579446094575
0.027436980301735456
0.026918118293641602
0.027011264912487242
0.026124632475187537
0.027582166688633152
0.027248387816653123
0.0280899489834439
0.02841758838245878
0.027250994636025278
0.027569655489968137
0.02666057747734012
0.02728891602237709
0.02684073642976582
