2.3830719024658205
2.580585346984863
2.40661936378479
2.5269729084014894
2.6221192436218264
2.346526442527771
2.258755307006836
2.4397355129241944
2.427386771774292
2.211135304450989
2.4285297658920286
2.314848143005371
2.1627687089920045
2.3214995956420896
2.1323235061645507
2.1612977910995483
2.279316132545471
2.3706261577606202
2.225828186416626
2.3717937450408937
2.1463340721130373
2.157071106338501
2.415605019760132
2.1918793384552
2.027825496864319
2.1561115020751953
2.1159658988952637
2.2017923217773436
2.3824882186889647
2.0070987396240234
1.9426007076263427
2.062687204360962
1.9641120532989502
2.0177457025527956
2.1614769844055175
2.008242749786377
1.8903982849121095
2.236142169189453
1.975111971282959
1.8738209453582764
2.2115357627868653
1.9686412384033203
1.7672593269348145
2.132125040626526
1.8444016738891602
1.80757650680542
1.8153214702606202
1.8215393821716308
1.833506336402893
1.8720203578948975
2.2005904205322264
1.9815460330963135
2.0221303356170655
2.2069101181030275
1.8808254289627075
1.8699939924240112
1.723332968521118
1.731602598953247
1.9696466976165772
1.9992985197067261
2.0471430240631103
1.9612192308425904
1.7425328422546387
1.8163474252700806
1.9240307107925414
1.9900763444900513
1.7979776878356934
1.684338106918335
1.952694804763794
1.8793872116088868
1.8684857276916504
1.8033170663833618
1.8402554313659667
2.0197129344940183
1.6985620775222778
1.7292182994842529
1.7036406745910644
1.7707047540664673
2.160759530258179
1.9474891664505005
1.722130380630493
1.8053039331436158
1.8678443996429444
1.8109689701080323
1.860781969642639
1.8639222938537598
1.7822042837142944
1.672178653717041
1.767359222793579
1.7232449039459228
1.8101051378250121
1.7228624904632568
1.646868850326538
1.9775591306686402
1.9373547863006593
1.8690098035812377
1.7534582992553711
1.9655445268630982
1.7196343032836914
1.6530662889480592
1.8274218730926515
1.9744018089294433
1.742472159576416
1.6772591972351074
1.778930150413513
1.7701483629226684
1.9312298881530763
1.61893091506958
1.7518171039581298
1.9012862865447997
2.096673388290405
1.6531854307174683
1.754922554206848
1.9625857093811034
1.7081869697570802
1.78963687210083
1.923066703414917
1.6576582740783692
1.6095191869735719
1.768222999382019
1.8900823534011841
1.7767541915893554
2.0608787158966066
1.606955424118042
1.8897685232162476
1.6458861352920533
1.8691637756347657
1.7474993520736695
1.6427904375076294
1.8323526874542235
1.6834774185180663
2.2110307796478272
2.0164002212524412
1.589605195236206
1.5808753051757813
1.659565274810791
1.5247228982925416
1.7023928745269776
1.7540114414215089
1.6896124469757081
1.6082246116638184
1.6121715398788452
2.17819114112854
1.543100873565674
1.7925093065261841
2.371655415725708
1.9422678880691528
1.622271639442444
1.6634300088882445
1.734435818862915
1.8387771600723266
1.788652965927124
1.6435815853118896
1.6089138441085815
1.4672815027236938
2.192737072753906
1.698184238243103
1.6041058687210084
1.8232005281448365
1.6430676134109496
1.6827074193954468
1.8949379035949707
1.5585928108215332
1.704895174407959
1.520781813621521
1.6832795261383056
1.6218616815567017
1.5578481769561767
1.7609434423446655
1.613695677757263
1.745552060508728
1.6945481771469115
1.711240334892273
1.8187949481964112
1.955259744644165
1.6396708885192872
1.5505054124832154
1.6703535652160644
1.8659015506744385
1.4710762687683105
1.6591996816635133
1.5236337005615235
1.9112541078567504
1.5426462245941162
1.548487621307373
1.7228232501983642
1.7321601982116699
1.6546041191101075
1.6667732414245606
1.4523838352203369
1.6726790082931517
1.649748473930359
1.8065544237136841
1.7230856275558473
1.7362557022094727
1.7465618419647218
1.521827394104004
1.8437153861999511
1.6559170507431031
1.814744647216797
1.7064204412460326
1.516870262336731
1.6693013093948363
1.57116069355011
1.869325154876709
2.3690205078125
1.6260049535751342
1.6742279232025146
1.4653848825454712
1.6259555778503418
1.7876825817108155
1.5706738607406616
1.693615199661255
1.6022477954864502
1.5754457357406617
1.7223601249694824
1.9134204229354859
1.577302654647827
2.015536813354492
1.639736004447937
1.5503279836654662
1.7034852807998657
1.5452585918426514
1.7086988916397094
1.7417807949066162
1.4320574907302857
1.805478844833374
1.5583299352645874
1.428595989227295
1.749710544013977
1.6104267318725587
1.5588869310379028
1.7040796886444092
1.5896579208374024
1.7100106245040894
1.5767131023406982
1.4950513759613038
1.4919871223449708
1.6191852392196655
1.5035932413101196
1.7354080518722534
1.4464280597686767
1.5768177629470825
1.6064129280090331
1.5013184913635254
1.571143080329895
1.5268068235397338
1.5291163330078126
1.503128512763977
1.604188258934021
1.5568640377044678
1.4479436126708984
1.5127656471252442
1.4494470029830933
1.528957467651367
1.487659999847412
1.6277271381378173
1.5906738319396974
1.484691326713562
1.9161032276153565
1.5583303565979003
1.380325499534607
1.4558715900421142
1.4480489107131957
1.4964283796310425
1.5539487657546998
1.4682676935195922
1.756926127243042
1.4440248344421387
1.682833191871643
1.6046834552764893
1.5364097692489624
1.4878762376785277
1.4930772050857544
1.5901049568176269
1.8433270137786866
1.5277072242736816
1.5090580520629884
1.539669440841675
1.837675622367859
1.7370711948394775
1.7613472974777222
1.6137552293777466
1.617282621192932
1.4435872804641723
1.683209949684143
1.7137736879348755
1.6906288581848143
1.5994364011764526
1.5664951122283937
1.4804075206756593
1.5106719694137574
1.4379585529327392
1.438956983757019
1.6541035161972046
1.6010127117156983
1.571213731765747
1.4889946796417237
1.7817910457611084
1.5384324924468995
