10.61
10.48
19.64
35.37
35.5
31.1
39.82
54.4
61.95
63.36
57.29
70.71
61.81
70.57
74.91
63.42
77.5
82.9
85.69
80.94
85.05
82.7
80.49
88.73
91.2
81.65
86.46
82.26
89.65
91.27
91.26
90.71
88.84
90.73
89.38
91.96
90.36
88.9
90.82
90.4
91.44
88.82
91.98
92.3
91.43
92.64
89.2
90.49
79.68
92.59
93.94
92.12
93.14
93.92
92.68
89.2
87.33
93.94
93.97
93.8
94.75
95.37
94.43
94.61
95.13
95.8
94.42
94.55
95.18
95.14
95.81
95.21
93.75
96.0
95.12
95.91
95.47
94.48
95.6
95.74
95.36
93.82
94.05
94.62
96.45
96.0
95.66
96.21
96.26
96.02
94.92
96.29
96.74
96.54
95.82
95.53
96.55
96.69
96.69
96.26
96.32
96.85
95.92
96.03
95.94
96.17
95.82
96.54
96.6
95.03
96.0
96.25
96.67
97.05
95.51
97.14
97.12
95.17
96.69
96.9
96.8
96.54
96.24
96.69
97.14
97.36
96.66
96.73
95.23
97.04
96.83
96.69
96.62
97.34
96.85
96.96
97.37
97.14
96.07
94.76
96.99
97.38
97.01
97.45
97.18
97.0
96.5
97.21
97.0
97.19
97.28
97.06
97.75
97.22
97.39
96.64
96.49
97.25
96.9
97.3
97.82
97.44
96.42
96.32
96.96
97.15
97.62
96.88
96.72
97.38
97.57
97.38
96.93
97.89
96.81
97.04
97.7
96.57
95.49
97.32
97.84
98.01
98.04
97.81
97.77
97.55
97.81
97.84
97.12
97.67
97.31
97.64
97.65
98.08
97.66
97.8
97.67
97.83
97.82
97.94
97.91
97.72
97.77
97.44
97.96
98.01
97.53
97.51
97.14
97.18
97.9
97.74
97.95
97.55
97.31
97.1
97.73
97.43
98.02
97.76
98.02
97.87
97.77
98.01
97.79
98.06
97.83
96.9
97.87
97.96
98.06
97.95
97.84
98.06
98.12
98.01
98.1
97.97
97.59
97.58
97.76
97.91
97.91
97.91
97.51
97.76
98.33
98.04
98.02
97.73
97.96
98.27
98.23
97.5
98.17
98.02
97.52
97.4
97.92
97.96
98.06
97.63
97.53
98.2
97.81
98.31
98.17
97.65
97.92
98.16
98.19
97.88
98.23
97.75
97.89
98.47
98.18
97.87
97.72
98.36
97.77
98.18
98.04
97.78
98.33
97.7
97.86
98.09
97.42
98.31
98.33
98.06
98.13
97.98
97.45
98.24
98.0
98.34
97.93
97.71
