25.12
30.49
56.53
62.94
56.01
59.67
56.61
59.25
67.29
58.07
65.98
65.52
48.32
59.81
81.22
67.7
77.45
72.37
60.8
82.99
91.56
73.2
80.86
72.49
72.79
75.05
75.36
67.88
80.76
82.32
83.43
78.63
77.44
66.47
84.3
77.69
77.51
91.93
85.27
89.7
79.53
78.06
77.23
89.94
83.11
79.58
92.02
93.52
88.84
66.81
91.78
90.95
77.04
73.79
79.17
83.75
72.68
72.04
83.55
89.89
92.9
82.71
77.04
83.93
83.86
85.68
90.09
90.63
85.19
66.32
86.13
83.19
78.59
91.08
93.45
94.99
91.46
75.7
76.01
83.29
93.99
93.76
79.13
88.96
80.92
91.04
79.42
80.16
91.76
73.72
84.46
75.24
88.38
79.41
96.6
69.68
75.97
83.98
78.78
87.88
82.29
64.94
75.5
88.64
75.36
82.96
74.82
92.67
92.33
83.71
88.72
92.22
70.29
88.36
87.91
91.55
87.88
93.14
83.9
70.46
74.67
73.57
68.11
83.26
77.98
78.78
67.08
94.47
93.46
85.47
84.08
79.57
95.16
78.75
86.07
79.51
81.37
89.3
89.71
89.53
82.53
85.32
90.66
78.88
86.22
78.4
79.55
78.97
86.17
80.94
68.32
77.86
76.58
75.98
87.23
89.47
85.61
90.48
89.53
79.8
93.27
96.36
78.95
84.68
88.55
86.65
81.48
94.64
91.94
78.47
84.75
80.63
83.74
80.48
90.43
83.72
83.74
74.31
79.75
84.44
86.71
91.21
70.67
76.36
82.97
92.0
85.0
83.51
90.06
86.06
91.15
96.83
90.83
79.04
66.49
87.4
70.97
68.87
77.42
87.2
87.16
92.18
80.62
97.12
81.38
73.65
79.13
85.93
87.3
78.47
82.3
81.89
91.22
93.82
76.26
92.13
86.91
88.61
78.66
83.12
88.81
77.09
81.23
85.19
92.06
77.2
86.58
76.4
66.78
73.53
68.91
79.37
97.33
92.51
81.13
94.31
90.17
74.22
82.32
86.47
82.72
84.07
94.81
84.22
93.06
87.66
64.51
96.7
80.41
86.99
94.0
76.59
82.77
79.14
82.07
80.74
88.19
88.21
86.25
90.5
77.36
73.74
84.68
87.07
81.18
94.19
85.57
87.37
91.34
89.82
93.87
77.15
79.97
78.38
75.39
77.86
69.13
66.61
76.64
96.29
87.3
93.22
92.89
75.7
69.28
72.15
70.43
78.29
85.53
92.77
81.63
77.42
82.8
86.83
77.69
94.17
89.87
82.98
93.19
93.65
