2.2605299974441526
3.022276622009277
1.3606117990493773
1.4216577138900757
1.4811245281219483
1.5618415521621705
1.5477899145126344
1.6586324810028077
0.8074272032737732
1.7314515613555908
1.4445156710624696
1.5545715472221375
3.329318804168701
1.6290024635314941
0.5919826144218445
1.2218339144706727
1.2086073721885682
1.7407441144943236
2.1925241870880128
0.7015877829551697
0.25896590558290483
0.887147059392929
0.6995294889450073
1.317308058643341
1.1139795313835144
1.083088438129425
0.8103429922103882
1.2843208756446838
0.9952694952011109
0.6615813379049301
0.8043524481773376
1.3667483761787416
0.8245210480690003
1.4380014028549195
0.7019920940160751
0.9653528084754944
1.1988519991874695
0.22045135097503663
0.47957942764759065
0.29823793543577193
0.7037264571189881
0.8803025324344635
1.0385687951087952
0.27786627389788626
0.5299103205680847
0.6796518901824952
0.21983252623081206
0.1987499128103256
0.30120287787914274
1.670405636024475
0.2262091565012932
0.2763390376567841
0.8671797924995422
1.483739764404297
0.9039596309661865
0.48358441989421846
1.2396076799392701
0.9017085992813111
0.669466204071045
0.3227411738872528
0.20380637996196746
0.4867865394115448
0.7970800956726074
0.6716658020019531
0.5158197055339814
0.4212045387744904
0.30766221461296084
0.2590248520374298
0.4746978209972382
1.4519175228118897
0.47156790142059324
0.6122645899772644
0.7545499893188476
0.27565133159160615
0.20332533090114593
0.1532795186519623
0.24744751920700073
0.9527544850826264
0.9187452816963195
1.0468123956680297
0.19358258906006814
0.1884519521355629
0.7457945900440216
0.35101794530153274
0.6924185087203979
0.26882801628112796
0.6672718491792679
0.7715856724977493
0.23833065946102142
1.1065998945236206
0.5744718978881836
0.8499350449085236
0.4272587459564209
0.8980941394805908
0.10691355484127998
1.2851540899276734
1.0862572368621826
0.5658533344268799
0.770951383972168
0.4174473884165287
0.9197288270950318
1.8191707515716553
1.0766175441741943
0.3550367504119873
1.4064234615325928
0.6162215144395828
0.9388112859725952
0.24032709622383117
0.24438261482417584
0.48610241215229033
0.3627005513191223
0.2278361603140831
1.3310079122543335
0.38079678268432615
0.3732941141963005
0.2660974353432655
0.3761928381443024
0.21280074976682664
0.6249950323104858
1.2239110203266144
1.1458190245628357
1.1216012899398804
1.2323466274261474
0.5502710579872131
0.9895075303077697
0.9765691968917847
1.7065544548034668
0.16686493134498595
0.1996060119152069
0.4527394755363464
0.48260183153152464
0.707998932480812
0.1462466397345066
0.8216426508903504
0.4046478363513947
0.6180269817352295
0.6844540442466736
0.35778338904380796
0.3213985895037651
0.3116178547233343
0.5598719811439514
0.48754330439567567
0.3051286224603653
0.9594917345046997
0.447680166721344
0.9134239616870881
0.7879117383003235
0.8778206570625305
0.4098582097530365
0.6384686723232269
2.115939171218872
0.836404295539856
1.239648579788208
1.102307714176178
0.4199114385128021
0.40443327033519744
0.4910059280276299
0.2970917188167572
0.32092324969768526
0.7643473172664642
0.19987847324609756
0.1230573923677206
0.8420740977287292
0.7409137950420379
0.3355440861940384
0.45498262372016907
0.830528114414215
0.16349838535785674
0.26279679901599884
0.7174123671531677
0.5294674608588219
0.9815883832931519
0.6082396921157837
0.7816175524711609
0.25836255407333375
0.7748619947433472
0.7473894992828369
0.925940008354187
0.8341219542503356
0.5557542191028595
0.4448276696205139
0.297862065833807
1.3585443477630614
0.9613252639770508
0.5539545727729798
0.24521466913819312
0.4325378977060318
0.8775700118064881
0.35793133108615877
0.5324618881225586
0.2647039495885372
0.09661872536540031
0.29456591482162475
0.8317549587726593
1.5114382217407227
0.40287064018249513
1.6530018907546997
1.3977135528564453
1.1757846963882446
0.45758760080337524
0.4311967795372009
0.24410199313163758
0.6230963583230972
0.0963466950520873
0.590330980014801
1.0318730889320373
0.9694558186531067
0.45068328663110735
0.520815041089058
0.83571113717556
0.883281907081604
0.871127032661438
0.24728495993614197
0.1759241327047348
1.1135699345588683
0.2519920522689819
0.48923375415802
0.3161100377321243
0.6980326054573059
0.5329256323814392
0.322331165933609
0.817241745853424
0.9476581666946411
0.39673429663181303
0.2294492593050003
0.8445564842224121
0.43820828442573545
1.5169949161529541
1.659313601398468
0.9909872533798217
1.3459958595275878
1.0854972687721252
0.08978197174444795
0.223350101518631
0.6580345058441162
0.1832716954112053
0.30715429937839506
0.9637246374130249
0.7868180287837983
0.48261792052984237
0.7625664303064347
0.5330608126640319
0.15409745287895202
0.5346323776245118
0.20322464524507522
0.36611803982257846
2.0319141494750976
0.10450236195921898
0.6918912224769592
0.4076785066604614
0.19479109456539154
0.9993926421165467
0.5606201091766357
1.0080151956558228
0.5851716271877289
0.8315491296768188
0.3701801596641541
0.43101431484222413
0.670149112033844
0.2956568208098412
0.7098002737045288
0.96566337890625
0.5470370265960693
0.5085939030170441
0.7878044305801392
0.1902341471195221
0.49175247769355773
0.7342144218444824
0.27441095914840696
0.2775144442558289
0.18496666669845582
0.7376559893131256
0.784363389635086
1.295616757774353
1.2113227489471436
0.8655363473892211
1.2419455249786377
2.761330981826782
1.406950470352173
0.11405754570066928
0.36571428575515746
0.21085487476587295
0.20585892555713653
0.9792481225967408
1.408421099281311
1.252273844242096
1.410477186012268
1.307894120502472
0.742005766248703
0.2144268622636795
0.6606119033336639
0.9232597770690918
0.6118888313293457
0.5956000947237015
1.0705215873718261
0.1894394941098988
0.3186196792125702
0.5678029696464538
0.19608324414491654
0.17526025172472
