93.67
95.7
96.47
97.12
97.21
97.64
97.77
97.98
98.07
98.05
98.17
98.25
98.37
98.34
98.4
98.4
98.49
98.51
98.58
98.52
98.63
98.61
98.64
98.69
98.72
98.72
98.78
98.77
98.7
98.65
98.7
98.78
98.73
98.78
98.72
98.75
98.78
98.73
98.77
98.78
98.76
98.76
98.76
98.77
98.79
98.7
98.81
98.87
98.87
98.79
98.88
98.83
98.81
98.75
98.83
98.79
98.72
98.69
98.78
98.65
98.76
98.79
98.78
98.78
98.77
98.85
98.83
98.71
98.86
98.81
98.84
98.82
98.85
98.85
98.78
98.83
98.79
98.76
98.79
98.79
98.78
98.79
98.77
98.85
98.85
98.74
98.77
98.75
98.83
98.79
98.88
98.8
98.82
98.88
98.84
98.97
98.87
98.92
98.88
98.92
98.95
98.95
98.86
98.9
98.85
98.93
98.9
98.91
98.91
98.89
98.94
98.91
98.92
98.87
98.89
98.9
98.95
98.93
99.0
98.86
98.92
98.96
98.87
98.89
98.88
98.91
98.85
98.99
98.89
98.85
98.87
98.89
98.89
98.85
98.88
98.94
98.91
98.94
98.97
98.95
98.93
98.95
98.97
99.03
98.97
98.89
98.9
98.96
98.94
98.89
98.91
98.92
98.91
98.92
98.92
98.91
98.98
98.97
98.9
98.97
99.05
98.95
98.96
98.99
98.93
98.94
98.94
99.01
98.97
98.95
98.95
98.93
98.88
98.89
98.97
98.98
98.96
98.88
98.91
98.94
98.93
98.94
98.98
99.0
98.93
98.94
98.94
98.98
98.88
98.98
99.01
98.97
98.96
98.95
98.94
98.94
98.95
99.0
98.96
98.97
98.88
98.93
98.94
98.96
98.98
98.96
99.03
99.01
98.93
98.98
98.98
98.97
98.92
99.0
99.01
99.06
99.03
98.95
98.98
98.92
98.94
99.01
99.02
98.99
99.03
98.98
98.99
98.94
98.94
99.02
98.93
98.94
98.99
98.98
98.98
98.93
98.89
98.95
98.89
98.97
99.02
98.94
98.93
98.92
98.98
98.97
98.97
98.93
98.93
98.99
98.97
99.04
98.99
99.0
99.0
99.01
98.98
98.99
99.02
98.95
98.99
98.97
99.0
98.93
99.02
99.01
98.95
99.0
98.93
98.96
98.99
98.98
99.02
98.91
98.95
98.91
99.03
98.93
98.98
99.03
99.03
98.99
99.0
99.0
98.94
98.97
99.04
99.04
98.98
98.91
98.97
98.98
98.94
98.95
98.95
98.94
98.95
98.94
98.98
99.01
