2.716566607284546
2.3169507629394532
1.5897842741012573
1.4907463371276855
1.073407941532135
1.1998010681152345
0.9671765676498413
0.6178984281539917
0.6375071766853333
0.620259757900238
0.42744776673316953
0.34296321856975553
0.4215266372680664
0.3138704742908478
0.2568182115197182
0.25718197144269944
0.29857789684534075
0.26203880888223646
0.3259738228917122
0.2479493355154991
0.31928944993019104
0.21558974879980086
0.28163309965133665
0.20049723799824715
0.2108511454820633
0.24887835693359375
0.19239831924438477
0.16118718461990356
0.1602090686559677
0.21380176329612732
0.16086375524997712
0.12998166889548302
0.17477521624565123
0.17362972209453584
0.13760762350559236
0.17822017440795898
0.2025840317606926
0.13694787089824675
0.11475861986279487
0.17323259823322296
0.14511944757699966
0.1497627651423216
0.15344973269104958
0.10855341168642044
0.15027622346282005
0.11092494195699691
0.11833958434462548
0.2316016473531723
0.15090516372919083
0.12268871911764145
0.10783246398568154
0.1323046016097069
0.10398322180211544
0.14229714949131012
0.11611689503192901
0.11573826168179512
0.14462370324134827
0.12611375959515572
0.08823211057782174
0.10189794142842293
0.09822497907131911
0.10726842929720878
0.11703277227170765
0.08228404375612736
0.0949667431473732
0.11811430658251047
0.08104206583499908
0.10411578798890114
0.0917422651052475
0.10834499706625939
0.09027267627418041
0.09106138982027769
0.08418326206952334
0.07161091257184744
0.0820943924486637
0.10307509562075139
0.0716424816891551
0.07543839461281895
0.10313334311544896
0.10872515155375004
0.10277213454842568
0.12709813588857652
0.08285920097529888
0.07157721398025751
0.0955164555311203
0.07072505421973765
0.07206099316626788
0.07469889779612422
0.08653662396669388
0.08658954538479448
0.07196948123276234
0.06751362996324897
0.07597081471085548
0.07152486913055181
0.0635865369785577
0.09634276169985533
0.11099659496247768
0.06939634446203709
0.0849633295595646
0.08807341548204423
0.12002505133152008
0.07783020215407013
0.10086261345297098
0.0895546785198152
0.07441896965205669
0.06774332683980465
0.08157779732048512
0.06396418952643872
0.073389921271801
0.07972442838791757
0.06517513570450247
0.06986060439050197
0.06649102395623922
0.08967908711284399
0.0649786010377109
0.07285402745455503
0.06046951230242848
0.06694114952459931
0.07698742532730103
0.08076497273556889
0.07781901855058967
0.08065278778374195
0.0800302001088392
0.07469502436984331
0.09734320810586214
0.07159234072044492
0.0990350755661726
0.06554534911084921
0.0754259705208242
0.05798612309247255
0.05870177696272731
0.06246253719143569
0.04996316917147487
0.06251029482111335
0.061850218415632846
0.05783640432991088
0.0549926868788898
0.052719675173610446
0.07513686041086912
0.07257455328218639
0.06506655173525214
0.0717848173096776
0.08228632970415056
0.060520952800288796
0.051318352637439967
0.05252033400051296
0.05354321208577603
0.053405775024369356
0.04873538732677698
0.051806254483573136
0.05780440457230434
0.0664217835412128
0.0714061803041026
0.05735301221106202
0.06199742946848273
0.06821113219410181
0.06841998137831688
0.05488328696887475
0.05123263229243457
0.04905878761205822
0.04929533289708197
0.07077866253107787
0.05346492199972272
0.055614877734333275
0.060244717166945336
0.05622631594240665
0.06554877561014145
0.05434812234900892
0.05716292283684015
0.07077646722495556
0.06254975517243147
0.04830768141094595
0.050007269061962144
0.05119461800437421
0.062249024181440474
0.05295730233630166
0.06217281344512012
0.06552375748036429
0.06760896580088883
0.05286039701402187
0.06684426338672637
0.04934477378539741
0.0648111020643264
0.06419947089571505
0.050404119798145255
0.05097706338074058
0.04990094438828528
0.05825477323466912
0.05421997947995551
0.05445647309729829
0.05528595488676801
0.0711772899735719
0.060034697029460224
0.06222016701465473
0.05019098476404324
0.05724742680247873
0.05316588835539296
0.05503642063395819
0.05546639469456859
0.05251817623451352
0.04952738457266241
0.05034148766356521
0.0507576931476593
0.05021860922258347
0.04993264219854027
0.05602516296133399
0.0678655646983534
0.06128075562492013
0.05071030325712636
0.06111118110138923
0.046322705492377284
0.05759688220946118
0.05338968867994845
0.04560890174144879
0.04717905191965401
0.05333652559965849
0.046757942442409696
0.046260672681219875
0.04846345278993249
0.057659816456306724
0.05689682529009878
0.04523118468597531
0.07556213356107473
0.04850939936153591
0.05933744363142177
0.06507300125886686
0.061516510006645694
0.054351647656969725
0.05577570652535651
0.07144872701587156
0.05287553650289774
0.05145181710291654
0.050105163045530206
0.050665532336989415
0.046723191748047246
0.04756462039509788
0.05187240488212556
0.05948406485058367
0.0515987337268889
0.06045753381550312
0.048148368206340816
0.05710754124503583
0.0557609532543458
0.04349101712135598
0.05411118881702423
0.04819002873064019
0.04634550910834223
0.05839322099443525
0.04712875640541315
0.054264890133589504
0.05440961674647406
0.0451641936854925
0.048215122759807855
0.062141729567572475
0.049074239892140034
0.049581429772265255
0.048224675571895206
0.06028719338334631
0.06061247576791793
0.06149595278615597
0.05369895217642188
0.04687204714869149
0.059113458473980425
0.05166943663875572
0.04792027885736898
0.04478826859239489
0.062226723164948636
0.05498581685712561
0.04499378533940762
0.04719830728247762
0.048036907659703865
0.05162135247844271
0.052898332044575364
0.05550383260063827
0.04683774387296289
0.04316101173250936
0.061283209154382345
0.051052474523335695
0.04950960253477096
0.0493712127070874
0.049161948392307385
0.047300913780741395
0.052105400977656244
0.06058379000760615
0.05109029110362753
0.05967886547427625
0.044447847841773185
0.052493799699516966
0.05591631704596803
0.04910914502695669
0.05766500314278528
0.04582428825907409
0.0478555855456274
0.05015560936881229
0.06955001445002854
0.050749189328588545
0.0480265389343258
0.042257648248132315
0.04521220160786761
0.04881620707754046
