10.11
17.83
12.64
25.67
17.91
18.47
25.32
41.81
30.13
30.04
47.53
51.62
44.01
60.04
50.31
54.94
54.79
62.18
58.83
55.07
63.75
49.62
78.34
77.17
57.66
54.88
75.36
74.09
68.83
66.42
70.2
71.97
76.38
71.28
81.76
81.7
81.23
71.93
71.84
80.02
79.24
82.39
77.94
76.07
77.37
76.7
82.25
74.56
74.32
78.3
84.73
79.1
82.71
78.79
78.39
74.34
80.04
83.6
73.69
77.18
79.34
75.18
77.16
69.2
78.18
83.32
79.78
82.59
82.25
87.03
78.72
84.48
80.7
83.59
83.37
76.39
86.22
81.44
86.31
89.17
88.17
82.0
75.13
76.52
86.28
82.11
81.31
86.58
83.53
86.38
85.27
83.08
79.42
82.88
82.89
87.41
84.77
84.05
87.35
82.63
88.19
82.01
82.16
86.12
88.99
78.5
85.78
87.87
87.15
89.95
88.7
82.93
76.67
81.8
88.75
90.04
90.77
89.18
85.91
78.66
82.7
85.47
81.78
83.37
88.78
81.73
87.24
83.92
90.47
82.13
87.71
85.02
85.63
88.78
87.24
90.44
83.17
79.91
88.63
89.19
85.85
83.11
87.68
89.88
83.65
85.28
88.51
90.34
86.56
84.36
85.07
84.06
90.55
81.54
90.17
85.71
84.94
91.1
82.54
89.23
88.36
90.88
91.66
80.89
89.74
91.68
83.45
89.45
85.72
91.77
89.34
86.48
86.56
86.43
90.63
90.9
91.4
85.02
90.7
92.94
86.42
85.09
86.67
91.87
83.71
83.71
83.3
88.15
89.23
84.77
91.66
84.97
81.93
91.13
89.23
86.64
92.24
92.73
92.34
92.42
92.6
86.22
92.0
90.48
87.8
91.17
80.98
93.08
87.9
92.03
90.2
90.73
92.17
88.34
88.39
84.78
89.67
90.49
90.68
93.29
91.23
92.92
92.12
91.37
88.07
91.85
90.73
87.19
92.5
92.92
93.65
90.14
92.3
92.07
91.54
92.41
92.52
93.14
93.13
92.99
91.99
93.08
91.66
92.94
93.12
91.48
92.64
93.12
92.7
93.68
93.59
91.66
91.77
92.57
92.49
92.61
94.02
89.61
93.52
94.29
94.49
89.85
90.54
87.65
93.66
94.09
91.56
92.8
87.43
91.92
93.0
92.43
93.75
90.52
92.59
90.37
90.31
84.63
92.18
93.02
94.04
93.16
90.61
93.57
89.0
94.08
91.82
92.85
94.7
93.18
92.47
93.85
91.25
93.49
94.05
94.09
93.5
93.67
91.66
90.65
