2.2883425228118894
2.250643553161621
2.0404207145690916
0.9704412027359008
0.6068450963020324
0.4547106468677521
0.38196702382564546
0.32733200418949127
0.28555553641319276
0.25679582941532136
0.22769992944002151
0.20630820910930633
0.19031523079276086
0.18079971281588078
0.16771659473478795
0.15503372360765935
0.1501910995721817
0.13555107257664203
0.12926728466153145
0.1262463786959648
0.12323793517947197
0.11595672723799944
0.11427403530031442
0.10974622383713722
0.10588175964355469
0.10223552247732878
0.1011686987221241
0.09804969539120793
0.09208260746151209
0.09423916312754155
0.0869988779976964
0.08361971611529588
0.08064535164237023
0.0801982297077775
0.07791568156853318
0.07784324001893402
0.07754257832765579
0.07218551714457572
0.07230639924630523
0.06865365923121572
0.06674430145025254
0.06697924289405346
0.06744377622753382
0.07013996850922703
0.0644295265108347
0.06565330044366419
0.06288362391106785
0.06317482840195299
0.06415204415041953
0.05961387088112533
0.05844334599226713
0.05850383736994118
0.0585568614911288
0.055923599527962504
0.06003614049945027
0.05646907429434359
0.05505856709331274
0.05342796605862677
0.05333271867185831
0.05254311370402574
0.05269215753786266
0.05085397092588246
0.05262030233740807
0.050145666524395345
0.05093987518288195
0.049015584323182704
0.05009779259748757
0.050780717019177975
0.049886221770942214
0.046892477504350244
0.049028712722845376
0.048392909049708395
0.047538516822084785
0.04793596595562995
0.046514097705390306
0.04589459071811289
0.047304306286759676
0.04838316206075251
0.0448495975590311
0.04652228196552023
0.04342403729557991
0.044636383420974014
0.045355223235301674
0.044262248307839036
0.043247222496569156
0.04348774114018306
0.045381329955533144
0.04291588390171528
0.04234783868053928
0.041888916274160144
0.04130772449616343
0.04444424173040316
0.04419090931937099
0.04073830119627528
0.039385865895450116
0.040740151683054865
0.0394662153464742
0.03967425728449598
0.039101624365430326
0.03993477023988962
0.03930997748021036
0.03928334237607196
0.04033919980768114
0.03908409466063604
0.040151268339902166
0.039173687397968025
0.038968440722534435
0.03893544035861268
0.039269512911420314
0.03796160095366649
0.03958426365349442
0.03892875571111217
0.038099307204876094
0.03857240933785215
0.040357704876502976
0.03979347875006497
0.03923011985141784
0.03798977887686342
0.03811139641227201
0.03816255944166332
0.0387865023155231
0.03786329482817091
0.03723336396515369
0.0379375516674947
0.036329509524954486
0.038520001346245406
0.03752974921837449
0.03795792739973403
0.036568348252866416
0.03835728438543156
0.036700663002533836
0.0399223417383153
0.038034824579348786
0.035256568503938615
0.03687977198762819
0.03656205011620186
0.035905160554754546
0.036413006884790954
0.036421561665227635
0.035205635843414344
0.03810211924165487
0.0352738200367894
0.036143839801265856
0.03625785368308425
0.0361788180410862
0.03663116163238883
0.03659187605357729
0.03814013701863587
0.03613426396464929
0.034388688185880895
0.03450080536622554
0.03693293034147937
0.03480105322585441
0.03560295921314973
0.03468350205998868
0.0372683958819136
0.035041606328310444
0.0342256080951076
0.033839517170330506
0.03604268750571646
0.03386342106284573
0.0336889701660024
0.03412690538975876
0.03424161613360047
0.033296550309972375
0.033256598634982946
0.032495366331003604
0.0345468352019554
0.03367657713580411
0.033525590020010716
0.03343770740028704
0.03313720307627227
0.03317292397491401
0.03233461874834029
0.03544554912263993
0.03369969865016174
0.03352643761846703
0.03326597122115781
0.03326142715355381
0.032699850307492305
0.033708710777922535
0.03284345685015432
0.03319196470769821
0.03371288427785039
0.03181592053358909
0.031961208271933716
0.035228325320896696
0.03428072200063616
0.034255749793211
0.03212641425512265
0.03305616941540502
0.03286109024065081
0.0345796032814309
0.03344382480429486
0.03257083588896785
0.03231033782279119
0.03287733602677472
0.031506452551460826
0.032425370119675063
0.032547662693285385
0.03170432301264955
0.03095197995323688
0.0316929129761993
0.03069127147451509
0.031754835099645426
0.030474671894079073
0.031558516504615546
0.031015502596774606
0.03043446429638425
0.030893562904861754
0.02958804153725505
0.02976021833245177
0.030302715684042778
0.031020712426712272
0.03333693481944502
0.0314365738091059
0.030432202903507278
0.031426289692823774
0.03156985856364481
0.030156126986362507
0.029729120488645275
0.02996526862309547
0.030309238856099548
0.03160108116014162
0.030849651505681686
0.03253628977952758
0.02986868703038199
0.030792478432878852
0.03060276504494832
0.030582763623038772
0.029893840888503474
0.02943229461539304
0.03017971937994007
0.03038038716701558
0.029640527331264457
0.0301813942629582
0.03142219902041252
0.02984012085351278
0.03016416695365333
0.02942533668219112
0.02982938859972637
0.029398118032235653
0.0316605450961215
0.029265474260400517
0.02912037828094908
0.029173331958876225
0.02932953860529233
0.0297440385437425
0.02994917044126778
0.02930748365071195
0.029488233231852064
0.031912134921789403
0.029463601495901822
0.02969307469612104
0.029386748192628147
0.029644792505016084
0.03005300731356547
0.029850444468896602
0.030145537878386676
0.0292064388793573
0.02955261821169406
0.029099845077592182
0.029549675678371568
0.02881614385868306
0.029122865374645333
0.02921807428805332
0.029715838281123435
0.030317746728344353
0.030456571218546013
0.03011006470657594
0.030913649278884986
0.029873753980075708
0.03076372817932279
0.029751419169158907
0.030959097533026943
0.02972005135490617
0.02965713205066277
0.030097064038258396
0.029839622103134754
0.029616039319019183
0.029475751657091313
0.030485694125806914
0.029788433524174616
0.029930436981108505
0.031001128671952757
0.029647074961691396
0.03126996666353662
0.029490204232843827
0.029760527871864905
0.03037876013509813
0.02944003870772722
0.02982818842693523
0.031385318806377474
0.029835377058252927
0.030365251942627947
0.02977953757242649
0.02973790705136198
0.03239966667873377
0.030687099362691515
0.03101604442319076
