87.76
92.68
94.05
94.88
95.49
95.92
96.27
96.43
96.56
96.8
97.05
97.25
97.31
97.47
97.7
97.64
97.7
97.81
97.74
97.87
98.03
98.01
98.05
98.19
98.25
98.29
98.26
98.29
98.37
98.45
98.38
98.46
98.43
98.47
98.51
98.47
98.52
98.56
98.54
98.59
98.67
98.54
98.55
98.6
98.66
98.62
98.62
98.64
98.65
98.67
98.66
98.69
98.66
98.7
98.7
98.69
98.71
98.7
98.7
98.77
98.79
98.74
98.81
98.8
98.87
98.82
98.79
98.75
98.76
98.84
98.78
98.84
98.8
98.76
98.84
98.78
98.83
98.82
98.84
98.87
98.83
98.77
98.82
98.8
98.9
98.84
98.84
98.79
98.92
98.91
98.9
98.92
98.84
98.93
98.82
98.87
98.89
98.91
98.92
98.9
98.86
98.94
98.86
98.85
98.9
98.96
98.91
98.96
98.89
98.89
98.99
98.97
98.9
98.92
98.88
98.96
98.96
98.91
98.88
98.96
98.95
98.97
98.95
99.0
98.96
98.97
99.01
98.95
98.91
98.92
98.89
98.9
98.98
98.98
98.91
98.97
99.04
99.0
99.04
99.06
98.99
98.97
98.97
99.0
98.95
98.98
98.95
98.96
99.02
99.06
98.95
98.93
98.9
98.91
98.95
98.93
98.85
98.92
98.97
98.98
98.94
99.02
98.97
98.98
99.01
98.97
99.05
98.98
99.07
99.01
98.96
99.01
99.02
98.93
99.03
99.04
99.01
99.06
99.0
98.98
98.98
99.0
99.01
98.99
99.0
98.99
99.02
98.96
99.0
98.99
98.96
98.93
99.0
99.0
99.06
98.98
99.0
98.99
99.04
99.07
99.07
99.03
99.09
99.07
99.0
99.05
99.04
99.06
99.09
99.05
99.06
99.09
99.07
99.05
99.04
99.07
99.03
99.03
99.0
99.02
99.07
99.04
99.03
99.06
99.02
99.03
99.08
99.05
98.98
98.99
99.02
99.02
99.02
99.05
98.99
99.06
99.03
99.15
99.1
99.0
99.05
99.06
99.11
99.02
98.99
99.05
98.99
99.02
99.07
99.07
99.07
99.1
99.09
99.08
99.09
99.14
99.12
99.11
99.17
99.17
99.1
99.12
99.09
99.08
99.12
99.12
99.05
99.12
99.14
99.12
99.1
99.05
99.08
99.14
99.05
99.11
99.06
99.09
99.1
99.07
99.04
99.08
99.08
99.06
99.06
99.06
99.08
99.04
99.1
99.0
99.07
99.12
99.11
99.06
99.14
99.13
99.15
99.06
99.09
99.06
