19.02
21.23
16.49
28.43
43.04
42.01
49.95
65.36
50.59
77.15
66.89
78.95
68.48
66.16
68.7
81.17
78.1
82.67
85.13
84.44
80.85
85.45
80.82
87.09
87.18
84.84
87.83
90.26
89.47
89.98
80.99
89.8
85.78
93.1
89.62
90.64
87.63
87.34
92.53
91.6
86.55
92.26
93.67
90.14
92.95
93.43
93.99
94.3
93.39
90.4
94.1
92.51
90.95
94.76
94.69
94.28
90.82
90.3
94.76
95.33
93.51
94.19
93.42
94.13
88.69
90.85
92.53
93.66
96.03
94.63
94.62
95.57
95.63
94.52
92.75
95.25
92.96
94.42
91.33
95.74
95.76
94.24
95.83
95.28
96.32
96.36
96.04
96.53
95.55
95.96
96.01
96.44
96.14
96.09
96.07
96.95
96.38
96.97
96.56
94.87
96.56
94.37
96.76
96.19
96.33
97.06
96.84
96.58
96.86
96.66
95.45
95.6
96.88
96.3
97.03
97.24
96.74
95.92
94.6
96.08
96.71
96.19
96.26
97.34
96.38
96.86
96.07
97.08
96.57
97.61
97.47
96.72
96.96
97.69
97.85
97.51
96.65
96.2
96.82
96.2
96.94
97.21
96.69
96.99
97.17
97.39
96.77
97.51
96.98
96.72
97.2
96.55
97.38
97.61
97.64
97.9
97.44
97.52
97.63
97.09
97.43
97.78
97.91
96.8
97.51
97.36
97.28
97.26
97.61
97.14
97.66
97.59
97.61
97.61
97.75
97.97
97.4
96.89
97.65
97.52
97.66
97.41
97.39
97.28
97.75
97.45
96.35
97.79
97.68
97.52
97.59
97.42
97.81
97.73
97.88
97.47
97.95
97.91
97.49
96.99
98.12
98.06
97.5
97.53
97.02
97.47
97.58
97.94
97.83
97.41
98.19
98.17
97.08
97.28
97.48
96.56
96.91
97.99
97.81
97.75
97.59
97.09
98.03
97.45
97.39
97.83
97.77
97.86
98.32
97.79
97.71
98.19
97.52
97.92
96.34
98.11
97.35
98.16
96.6
97.97
97.86
98.07
97.97
98.06
98.08
98.24
97.44
98.05
98.06
98.11
97.67
97.91
97.99
98.21
98.05
97.33
98.09
97.94
97.66
97.57
97.83
97.48
98.1
98.28
97.97
95.96
97.73
98.04
97.78
98.14
97.9
98.12
96.27
97.01
97.75
98.07
97.82
98.47
98.26
97.9
98.29
98.04
97.96
98.25
98.08
97.95
97.3
98.08
97.2
97.76
98.09
98.19
98.02
98.26
97.93
97.49
97.72
98.24
97.98
97.81
