2.3848203662872316
2.2787241371154785
2.035047286224365
1.9759704553604125
1.5595254526138305
1.6125320451736451
1.27990452003479
1.0754304502487182
1.4170337106704711
0.8233751128196717
1.0823559678077699
0.703982150554657
0.8618764445304871
0.9306379405975341
0.8115099523544311
0.5553586935997009
0.582788787317276
0.5403065007686615
0.47711151676177976
0.49905184237957
0.49837670660018923
0.4539884508132935
0.5914517370224
0.41216096588373186
0.40485545424222946
0.43165922045707705
0.37156300671100617
0.31062665519714355
0.3317781538248062
0.3253953802585602
0.4946792819738388
0.3136076788187027
0.4180948631882668
0.23699997024536132
0.3063540097117424
0.2917968402862549
0.34491265189647674
0.3612542829036713
0.2546774533033371
0.25898123692274094
0.35200267798900603
0.25117142212390897
0.21623470681905746
0.2875160749912262
0.2287933520913124
0.2152710082054138
0.19352855560779572
0.1911187938809395
0.2193974399238825
0.27739176774024965
0.18240559843778612
0.22915708310604097
0.26667656026780606
0.17559110902547836
0.1751310349494219
0.19030830260515214
0.2528302904844284
0.26348107929229736
0.17049058837294578
0.158556088373065
0.1977097708940506
0.1802768895804882
0.20122419307231904
0.18702658271789552
0.30471663675308225
0.2821608294725418
0.23380917766094209
0.19659067537486552
0.13268210374116898
0.16770817785263062
0.1682180489182472
0.14609303874373436
0.1425114788979292
0.16194097217321396
0.21812858018279074
0.1487969896197319
0.19963561743497849
0.16025361532866955
0.24115386741161346
0.13699133511781691
0.1350635418355465
0.1790523411631584
0.13474163821339608
0.1489438153028488
0.1221011679559946
0.12107597318887711
0.12575266962349416
0.11445944232940673
0.1422535357952118
0.12307632230222225
0.12251462453007698
0.10849197131097317
0.12351214377880096
0.12243438740372657
0.12819403077960015
0.10492590047121048
0.11266721088886261
0.0989839749097824
0.11499309505224228
0.1493068746805191
0.10673296412229538
0.1664728036016226
0.1037509419888258
0.11749287509173155
0.1196256622672081
0.0989453504383564
0.0987943490922451
0.10697019497454166
0.10161196612119675
0.10302913608253002
0.13307609295845033
0.13305115865468978
0.09885727082490921
0.11191038257479667
0.09422043293714523
0.09129568237960338
0.1026633808106184
0.12832456771731376
0.1620820718050003
0.11649636743962764
0.10397335519194603
0.11320902494490147
0.11067133651822805
0.08577986017763614
0.11060434858500957
0.09691779501140117
0.12014413340687752
0.0968183548092842
0.10570741798579693
0.07813839136958123
0.08159091669172049
0.10366799333989621
0.09699805628061295
0.07704693778753281
0.07333976085782051
0.08313416784107686
0.10369305880963803
0.11215416423976421
0.09819947628974915
0.12020293095707893
0.10078983144909144
0.09019634308218956
0.10112397016733884
0.09882368132770061
0.09307141557559372
0.08227764807343484
0.10211500298678874
0.08225070762634278
0.09677472415566445
0.10242619388699531
0.08863417247980833
0.09796091159693897
0.08204082847237587
0.0807486665751785
0.07540856605768204
0.06942748117223382
0.08147781725749373
0.07758094401732087
0.0769054463148117
0.09239283312484622
0.08409918803200125
0.07211359547972679
0.06823618642687798
0.0922050474986434
0.07654963020384312
0.08439036194905639
0.08520643189102411
0.08549066687189043
0.07319698677212
0.08827520328909158
0.07432274757102132
0.0770142614774406
0.07980856503769755
0.07485168260782957
0.07309305011034012
0.06612720537781715
0.08173546573221684
0.09584797877669335
0.07377919636070729
0.07943653392493724
0.07293267382234335
0.08132674430012703
0.0822421354740858
0.0844015352755785
0.07187851746752859
0.07640479965656996
0.11333587818145752
0.06961266997009516
0.07184491942897439
0.07828612980470061
0.07819677806384862
0.08239739253968001
0.0685702672559768
0.0720830480080098
0.06701564619764686
0.07905532859936357
0.06374154580421745
0.06816390786878765
0.07583183242194355
0.08535934555530549
0.06097306554056704
0.06173361775949597
0.07975034244209528
0.07881244570165873
0.08179888112694025
0.073324480878748
0.07474520576000214
0.06572338779047132
0.06536951104402543
0.07862537649646402
0.0591898359913379
0.05709801712827757
0.08906298887003213
0.08777372922748328
0.07567563856691122
0.09775513971745968
0.08591683510132134
0.06213216907121241
0.06750475743934513
0.06745040830336511
0.07332270785942674
0.09173995584100485
0.06362984162867069
0.07523110854625702
0.08354080642312765
0.06879350280445069
0.07001719383150339
0.06827137369178235
0.05427164033651352
0.06798278086036444
0.06961597272604704
0.05604681116752327
0.07900599826946855
0.0666108422100544
0.1071879221573472
0.058937324951589105
0.08002111868709326
0.05560245997812599
0.10155318840928376
0.0631082803837955
0.06471267340872437
0.05950698101501912
0.0639136878992431
0.05714977101217955
0.05897151104845107
0.05684545791763812
0.07795859224013985
0.05926606862023473
0.06192315565124154
0.05911735155656934
0.06885416388381273
0.06602062644511461
0.06165967859700322
0.057173539403825996
0.0623629105836153
0.07999662365056574
0.0612986646540463
0.06464118154868484
0.07231587317101658
0.07507266165837645
0.06901698082238436
0.08104300251081586
0.05617265639677644
0.05575492972359061
0.06418579624816775
0.12139287565648556
0.07224600161090493
0.06272349084727466
0.06708452919572591
0.05964079701453447
0.06463556956499815
0.057047255213093014
0.10964243508800864
0.08781642163097858
0.06569859644658864
0.060401734901033344
0.0659926625072956
0.04849207987794653
0.05668805965855718
0.06612579233646393
0.05140298357792199
0.05770326312221587
0.06619974804744125
0.05357982115652412
0.060170563352666795
0.060290818583592774
0.08528368867635727
0.05924000681601465
0.08580979465991259
0.0656002219317481
0.05637401111992076
0.054488389455527066
0.05876886895224452
0.052158265476766975
0.06452589462138712
0.07734321982581169
0.0684486650519073
0.05348615176305175
0.064222858222574
0.06420723846461623
