10.0
11.83
13.2
10.03
15.08
14.65
14.55
17.81
11.35
14.79
17.0
18.87
20.39
16.8
19.26
17.7
24.84
25.03
21.98
19.74
23.14
17.09
24.24
22.43
24.55
17.76
22.6
24.66
24.26
25.21
26.51
24.25
26.14
22.87
28.42
29.54
30.31
28.59
18.49
24.0
31.44
27.04
26.89
23.36
28.12
24.37
32.05
22.6
29.94
24.63
29.79
39.57
26.96
36.13
38.69
33.46
34.13
32.0
34.58
33.73
38.17
32.14
34.87
34.44
32.5
35.85
29.47
21.84
30.04
34.11
35.13
36.94
30.29
35.49
28.82
36.99
39.63
35.68
33.96
36.89
36.13
39.05
29.72
38.97
39.64
30.46
28.89
29.45
37.28
34.51
33.47
31.95
37.22
35.58
30.36
39.61
40.52
39.75
40.66
36.47
34.11
30.61
30.05
31.87
41.4
43.34
32.25
36.58
31.13
35.94
36.06
39.6
42.14
37.54
36.31
32.82
40.7
42.36
35.63
34.32
36.95
44.99
40.44
39.96
38.29
38.86
36.59
42.21
38.89
40.51
40.36
43.03
38.71
37.48
39.84
40.93
36.31
39.69
39.26
43.73
42.85
36.57
38.06
43.25
40.69
33.95
44.7
36.23
39.55
36.2
35.44
37.72
43.11
38.21
42.84
39.26
43.44
40.35
37.5
33.41
37.3
36.64
40.86
38.68
43.19
36.62
38.92
38.92
40.23
42.71
36.33
38.5
42.72
43.12
40.62
37.75
43.47
35.11
42.35
41.15
37.64
46.34
40.3
46.98
41.57
39.69
45.83
44.69
44.49
46.7
43.61
45.93
44.78
41.19
33.99
44.35
33.2
42.38
45.87
40.51
46.81
38.63
47.89
46.13
46.73
41.44
44.82
39.51
44.74
42.33
47.51
47.75
35.74
41.64
44.73
44.83
37.9
41.38
35.45
39.77
46.4
46.3
40.82
42.87
48.26
43.78
44.34
47.88
40.6
48.05
43.28
48.7
39.72
35.55
46.14
39.45
40.19
43.92
42.92
36.6
41.72
40.44
44.27
43.62
44.5
37.47
44.53
47.33
42.73
45.15
47.9
40.93
41.57
44.44
49.81
45.59
44.92
48.47
44.59
46.54
44.13
46.55
47.71
42.29
43.61
47.39
47.57
44.8
49.0
46.13
46.86
42.08
48.76
39.09
44.58
42.71
46.08
48.23
43.52
38.42
43.17
44.53
43.48
44.35
43.88
44.64
44.46
40.33
45.84
42.36
49.04
40.29
47.08
44.16
47.22
42.36
46.29
46.61
40.31
47.86
