2.305664210510254
2.356438786315918
2.4606939563751222
2.6009776123046877
2.343511304473877
2.552460591506958
2.318547130584717
2.2118123802185057
2.566949499511719
2.3426638275146483
2.1964615493774415
2.306562641143799
2.1546693359375
2.236404842376709
2.249822856903076
2.327660389137268
2.0193208112716676
2.1721933258056643
2.032607485961914
2.215955572319031
2.1842008262634276
2.181561302947998
1.9889080612182617
2.0425545524597166
1.9996945629119873
2.2543532203674315
2.1578991498947144
2.0142691165924074
2.088514103317261
2.069350573730469
2.0321995168685913
2.162898712348938
1.997065795135498
2.109843641281128
1.9410913333892823
1.924630564880371
1.8569847282409668
1.896086512374878
2.3620749866485595
2.0949660987854
1.93175114402771
1.8309872936248779
1.9279031398773194
1.9686641736984254
1.9250777099609375
2.117375143814087
1.806901486968994
2.1250322452545167
1.9138059761047364
2.0132533840179443
1.8651095170974732
1.6593058855056764
1.9505821132659913
1.7101013998031616
1.670033024597168
1.7437916801452638
1.745049552154541
1.8205181011199951
1.771478311729431
1.7786659112930299
1.6922844509124755
1.857203536605835
1.7604868434906007
1.747054216194153
1.8814792869567871
1.723268758201599
1.8301660415649414
2.5609663303375245
1.8600513416290283
1.76641804561615
1.7728408561706543
1.7130033279418946
1.8290178035736084
1.7663023183822633
1.9504297639846802
1.7553854339599608
1.6485928297042847
1.8479275352478028
1.9032649593353272
1.7203873943328858
1.734493048095703
1.7119761777877807
1.993583466911316
1.6697936492919923
1.6296638124465943
1.927608451652527
1.9210294921875
2.00813169670105
1.7044354564666748
1.7435565435409546
1.8427159259796142
1.9591475791931152
1.7972154712677002
1.8151433393478393
2.077085130691528
1.61841717338562
1.595107762336731
1.6240768190383912
1.6013898170471192
1.8206195394515992
1.7982933671951293
1.9891184986114503
1.9439243764877319
1.8608807914733887
1.6150211912155152
1.552093229866028
1.7816397480010986
1.7446887641906739
1.8726285451889038
1.7050122840881348
1.8131069765090941
1.7071206802368164
1.5845094215393067
1.6748077171325684
1.7131127937316895
1.8583616451263427
1.635578196144104
1.6003217300415038
1.7520707201004029
1.8681214555740357
1.6832540885925293
1.5013197872161865
1.6395807250976562
1.7209181694030762
1.753598213005066
1.6619148427963257
1.7632243669509888
1.5790817792892455
1.687714273071289
1.6201870431900025
1.636442797088623
1.5772942722320558
1.7374698972702027
1.7751246326446533
1.5980205074310303
1.6185202604293822
1.7761387006759644
1.635034111404419
1.6723336490631104
1.5207624231338501
1.5559670541763306
1.7979738361358644
1.7375507863998414
1.5581220977783203
1.6631861700057984
1.8331740032196044
1.5063299932479859
1.828039446258545
1.720691368484497
1.8611303916931152
1.853425503540039
1.7040669343948365
1.562935725593567
1.7553488536834716
1.5784527448654175
1.689354955482483
1.5858859176635742
1.6686887210845947
1.8639647535324098
1.915388463973999
1.757303929901123
1.761875094795227
1.597393265914917
1.7461844242095947
1.5551346111297608
1.80676669921875
1.688123685836792
1.683603204536438
1.674983843612671
1.562223776435852
1.7816237817764282
1.7005468872070313
1.5477547416687012
1.587487547492981
1.683035756111145
1.7802952808380128
1.5331298776626587
1.8078426801681517
1.5809180892944337
1.6138537364959717
1.734185315322876
1.4876351926803588
1.723852388191223
1.4758124383926392
1.611257824897766
1.734641124343872
1.472219853401184
1.6020498107910157
1.5863212615966797
1.4453118156433105
1.5827315774917603
1.5046121536254884
1.5461631282806396
1.633173289871216
2.0056431873321534
1.513160520362854
2.0524584522247316
1.585976162338257
1.5038781206130982
1.6473378438949584
1.4523257640838623
1.752448857688904
1.4497115459442138
1.4977046222686767
1.4582053539276123
1.660311784362793
1.5082252058029175
1.7169209884643555
1.5558653774261475
1.6560011865615845
1.461349913406372
1.4530109563827516
1.994391459465027
1.6383849239349366
1.5140390760421754
1.5015446964263917
1.7764669933319093
1.6521506942749022
1.9438474822998046
1.6964841121673584
1.481264963722229
1.5068959623336793
1.7078077322006227
1.5895417875289917
1.438808462524414
1.542347313117981
1.587950923538208
1.4336768505096436
1.731199906539917
1.4577375045776366
1.6008617683410644
1.4285125402450563
1.6561229461669922
1.8834126258850097
1.475641549873352
1.6742839242935181
1.7117295421600343
1.5450732175827027
1.617315919303894
1.9943471935272217
1.6082698429107667
1.7137819789886475
1.5943165357589721
1.624108376121521
1.5426753633499146
1.8785249261856078
1.5490009141921997
1.4728547365188598
1.58120938911438
1.5556464031219484
1.4416232490539551
1.6892605365753173
1.7005275150299073
1.538684568786621
1.4040229763031007
1.5623683267593385
1.530107837486267
1.437670980834961
1.5417383031845093
1.519810340309143
1.5882657644271851
1.523505027961731
1.4980075134277344
1.6679449365615844
1.6478193855285646
1.4809562143325805
1.4934164011001587
1.5400666784286499
1.3964919469833375
1.4842253456115722
1.4926692583084107
1.6712797889709472
1.4010572986602783
1.8068088672637939
1.5598293291091918
1.597991723060608
1.5419243236541749
1.4536085256576539
1.5710503084182739
1.737888109588623
1.5466110681533813
1.5541766473770142
1.6071728786468507
1.5868132286071777
1.566706476211548
1.557656810951233
1.5646132497787475
1.750051385116577
1.5353074293136597
1.628389479637146
1.4054605674743652
1.7729043224334717
1.44198602104187
1.5502683670043946
1.5323261959075927
1.671929195022583
1.584936633682251
1.522178421974182
1.7339694353103638
1.474398186302185
