0.22990572984218596
0.13580130969882012
0.11216574517339468
0.09610262571647764
0.09240008661150932
0.08040742434319109
0.07464597017820924
0.0711670574650867
0.0673182129369583
0.06905520634017885
0.06390346534451237
0.06199170458771987
0.06184886862586718
0.061805897734255995
0.06098742634427035
0.056021698486161765
0.05847794361882697
0.05686321799510624
0.058877813453968704
0.06096537897615635
0.056510474169668305
0.056426308936344864
0.0563333983032273
0.055937010706839284
0.05267462265140784
0.05272294965035726
0.052373743438291424
0.04986857599664109
0.05071942608679601
0.0506496501153033
0.049310944673003905
0.04786687871721515
0.0512415177116849
0.04840937426503861
0.05193087441818152
0.04703848396474132
0.04685191166240765
0.04829742815398349
0.051256699721688434
0.04758635005889864
0.04882516864408203
0.04734460766859265
0.04775343678171503
0.04769736204887631
0.04994286301076245
0.04930872576149813
0.04852550672307252
0.04558608145817416
0.046633356524606734
0.047479571602470606
0.04618763950469347
0.04658687522539949
0.04738242652600784
0.04810223099268678
0.04653452798194567
0.048266867998330056
0.05003523192511138
0.04888082622130878
0.046107295448271905
0.04962957189249901
0.0486282656056861
0.046555915617842766
0.04658019064351465
0.04773107207571611
0.047856936952184695
0.047423485204334835
0.047749447675276224
0.04640706623152264
0.04576865425027186
0.04577211072418104
0.04624872204851654
0.048293645207790226
0.047076971144821074
0.046618709573250816
0.045307482372294726
0.04760238374645487
0.05039783144638052
0.04819772294466525
0.04690594857970123
0.044748870876950876
0.0464400494713856
0.04696949920776378
0.046277762119512636
0.04327224688224023
0.04486662519045899
0.0467170646348296
0.04731392594070012
0.047676244619482534
0.04691339062309071
0.043634431010918344
0.04594240617884243
0.04800835868371614
0.04359707181046324
0.046662136444200586
0.04636199006794909
0.044140319135917434
0.04443278489236827
0.043304179922211736
0.044220507451774395
0.04586106931089553
0.04354566412649801
0.045099151602752865
0.045285382808334995
0.04782839037745698
0.04696865333658261
0.046105247217514536
0.045875885285989536
0.04756528080161506
0.04804672824385903
0.046185078174736646
0.04441410427467081
0.0443350028728446
0.04590230690397684
0.04222566965390306
0.04449406415282246
0.04552352847423635
0.04257953258005227
0.04633520016333023
0.044284508809315455
0.04701498405724378
0.045458154179894975
0.04409987864593586
0.04605652360961708
0.04517853853747474
0.043701440952023315
0.04554156650433406
0.048107502282979
0.0432422134587146
0.04532720534476091
0.04502579625886974
0.045391767136006275
0.046171775147362634
0.0450247008268575
0.04518645718952985
0.04891070785050124
0.04499877497418038
0.047490559178681314
0.0462635589480401
0.0460151925659633
0.04740788486763313
0.04608492096794125
0.04530512623330499
0.04530535951804004
0.04523637428960319
0.046054969263781595
0.04719431174604865
0.04554639863799839
0.043715376479850215
0.04520031812076484
0.0438308140785447
0.04593306405514268
0.044647309868730146
0.044239519547481725
0.04537524582777478
0.04534113868830318
0.04643914200846912
0.0444383816949829
0.045784032062875055
0.044116331713065844
0.045748425212285546
0.04120290159283204
0.04453555115635609
0.04645060941353288
0.04422423873274126
0.04160978487207594
0.04422257499656143
0.04193631083414484
0.04171972981341059
0.04261412960571456
0.04479259320598344
0.04489491895951719
0.0421174406001981
0.04470495172004644
0.04331471958520881
0.044724271113070334
0.044083162764704274
0.0424330882181609
0.045369849431946885
0.047481968270883086
0.04443645873622031
0.04772922802461203
0.04357705535874784
0.04364312208767783
0.044723775660300724
0.04430584956530429
0.04520082518312142
0.046102885241564175
0.04322522700634363
0.04376226128519083
0.04370860711455673
0.042920287957722895
0.0438185157693797
0.045192463863487686
0.04466301022608695
0.04297399224073597
0.04695596306994034
0.045885933626983386
0.04354873086257403
0.043893379055057996
0.045814012907978395
0.04509065333626208
0.04508700946655044
0.044497149425405357
0.04391300866656438
0.04406091209675751
0.042990443550689955
0.04262800358145941
0.04055116510162438
0.04350173622583625
0.045293798959809235
0.046562132447558864
0.04223657457496056
0.042642824989661855
0.04466650778853928
0.042050066175125425
0.04246893857817754
0.041961953784738944
0.04483853010329728
0.044933369714793274
0.04321391378487515
0.04247651001969862
0.04091241094268546
0.04142424580084198
0.040435968040237455
0.04237513782341543
0.04458151004238734
0.04343380678555022
0.04463065305289674
0.04367705720988433
0.040551983525870125
0.04264629969143134
0.0418019463215991
0.04558322717445685
0.04225398374284525
0.04311315440354201
0.043886057269961615
0.042127765753680976
0.04188247424516549
0.0447974349567761
0.042835772926018034
0.04212610897246286
0.0430315280803419
0.04523170489095401
0.0433916232945975
0.041834719188019474
0.04141246912945519
0.04207452121762426
0.04230685186618403
0.0429544002462696
0.042392819283247694
0.04155915587376762
0.04251283027034847
0.04269327510885114
0.043285067765316466
0.04176962461053908
0.041334820445632796
0.042353774225009876
0.04243710058988709
0.04135975212170415
0.04256131650228117
0.04174297478020358
0.04508263348489486
0.04291398464535796
0.04343108679793795
0.04346544367093143
0.0426113638051766
0.04235321607718784
0.041020911146645675
0.04569472002115312
0.041337611722847535
0.040991114404980454
0.04265549953395602
0.041438816878551596
0.04432750124939837
0.044404107842433316
0.042356964107007934
0.042733909983677675
0.04168257449433267
0.0402760172096996
0.04057886034489402
0.03986673778920449
0.04123117538255201
0.04185231802331814
0.04223929097676182
0.04147878435350267
0.03969185410883547
0.041110029617134475
0.04362878609987774
0.042480894203904426
0.0441259619842308
0.0440441133840106
0.044631423339973074
0.04328323959459249
0.04255043770565376
0.04268831938312928
0.04306104272096968
0.0416688316157999
0.045716977738837025
0.04246032443687686
0.04120056213368498
