46.41
69.33
81.77
86.83
88.79
90.44
91.53
92.15
92.84
93.21
93.67
94.14
94.47
94.55
94.78
94.98
95.13
95.36
95.41
95.58
95.62
95.72
95.82
95.97
96.03
96.1
96.17
96.3
96.35
96.5
96.44
96.52
96.63
96.73
96.72
96.69
96.7
96.93
96.99
96.87
97.09
97.08
97.19
97.08
97.11
97.22
97.16
97.21
97.18
97.2
97.31
97.38
97.43
97.45
97.49
97.48
97.57
97.48
97.49
97.57
97.51
97.45
97.56
97.63
97.59
97.61
97.61
97.69
97.66
97.7
97.79
97.77
97.67
97.73
97.69
97.71
97.8
97.72
97.78
97.88
97.84
97.84
97.82
97.84
97.87
97.86
97.84
97.87
97.88
97.88
97.96
97.89
97.94
97.88
97.94
98.01
97.96
97.96
97.95
97.96
98.01
98.05
98.04
97.98
98.09
98.07
98.02
98.11
98.04
98.04
98.05
98.05
98.08
98.12
98.18
98.19
98.19
98.19
98.15
98.15
98.18
98.19
98.18
98.23
98.23
98.21
98.29
98.27
98.3
98.18
98.25
98.23
98.19
98.2
98.22
98.26
98.25
98.26
98.27
98.3
98.25
98.28
98.26
98.29
98.29
98.34
98.31
98.3
98.32
98.35
98.3
98.33
98.3
98.36
98.33
98.4
98.33
98.29
98.35
98.32
98.21
98.31
98.29
98.3
98.33
98.4
98.32
98.33
98.35
98.39
98.38
98.37
98.39
98.3
98.34
98.33
98.36
98.44
98.38
98.42
98.35
98.38
98.35
98.4
98.39
98.39
98.42
98.43
98.46
98.36
98.4
98.4
98.38
98.38
98.51
98.43
98.5
98.5
98.49
98.44
98.48
98.43
98.47
98.47
98.49
98.48
98.45
98.48
98.42
98.56
98.57
98.53
98.48
98.54
98.56
98.53
98.56
98.54
98.57
98.54
98.54
98.49
98.53
98.55
98.56
98.49
98.56
98.57
98.56
98.61
98.59
98.57
98.54
98.6
98.61
98.57
98.63
98.53
98.56
98.55
98.53
98.57
98.59
98.59
98.56
98.57
98.54
98.6
98.61
98.6
98.6
98.56
98.63
98.65
98.74
98.64
98.69
98.65
98.61
98.72
98.67
98.63
98.62
98.61
98.57
98.59
98.57
98.59
98.55
98.58
98.64
98.57
98.64
98.6
98.62
98.63
98.66
98.59
98.62
98.64
98.56
98.64
98.7
98.63
98.59
98.64
98.59
98.58
98.62
98.64
98.62
98.66
98.63
98.66
98.73
98.67
98.64
98.62
98.66
98.69
