2.1773232467651367
1.609305827331543
0.8701316730499268
0.5500038893222808
0.4192097873926163
0.34986332619190214
0.301897198843956
0.27188526080846787
0.2487095452427864
0.2297320118188858
0.21224518724679947
0.20263954073786736
0.18904387404322623
0.1803263968229294
0.17370728457570075
0.16444913839995862
0.1605459281116724
0.1537859812349081
0.14956302931606769
0.14444117539823056
0.14117811078727246
0.1389602928042412
0.13479598304927348
0.1308867830246687
0.12557486898005008
0.12522312511503697
0.12273931258916855
0.11677391588538885
0.1175420299872756
0.11565548570007086
0.11249969836324453
0.11053540433049203
0.10890570813566447
0.10788943228721619
0.10613351097479462
0.10534581082165241
0.10319998515099287
0.09893212260305881
0.09909067942053079
0.09790839063972234
0.09848314811736346
0.09432312798947096
0.09229538939669728
0.0939060507968068
0.09324305585771799
0.09020662399679423
0.09087461283989251
0.08914200186654925
0.08801435943245887
0.08797451696768403
0.0874266802944243
0.08484850417897105
0.08492542788162827
0.08344434349723161
0.08464431347213686
0.08296504683420063
0.0816870103251189
0.08234518409967423
0.08027096120417118
0.08051293335556985
0.07855609195530415
0.07879406986832618
0.07762804148197174
0.07757080535888672
0.07648211986608804
0.07651854687444866
0.07639042191598565
0.07493941413536667
0.07469736135005951
0.07485229786969722
0.07245535404607653
0.07293148110564798
0.07292823211941868
0.07227212812192738
0.07235627464149147
0.07267911874409765
0.07194686369877308
0.0714184158604592
0.06987153681591153
0.06957300563659519
0.06883550034835935
0.06876760984752327
0.06836199541911483
0.06717700920030474
0.06799214290287346
0.06684363666623831
0.06800836868053302
0.06751364663327113
0.06680411200085655
0.06665271511068567
0.06553472210280598
0.06496700485274196
0.06565314237102866
0.06543916496178136
0.06457957591731102
0.06318787152599543
0.06480263239201159
0.063941644048132
0.06359897911744192
0.06391227236036211
0.06196929960045963
0.06074405277855694
0.06233435079306364
0.06203049518885091
0.06202611981648952
0.060480887685343626
0.06083505444629118
0.06016629150677472
0.060934023681562394
0.06071494090147316
0.05981503247302026
0.059434005829598756
0.059272067617531864
0.058489750935323534
0.058999147079326214
0.058652003099769354
0.05779075144873932
0.05737921699490398
0.057268829380441456
0.057875255001476035
0.05681257161237299
0.057850177128519864
0.05611680847946554
0.056660935778450223
0.05568073073681444
0.05612296953443438
0.055306396215967835
0.055867028849106284
0.054922797063644974
0.056520213590329514
0.056005722262710333
0.055395642446447166
0.055156738675385716
0.05468512207330205
0.0557950371098239
0.05445218252956401
0.05494542993679643
0.05437044503716752
0.05410113449394703
0.05336367280511185
0.05398155449097976
0.053581463908217844
0.05359152030996047
0.05424926884910092
0.051460626483056694
0.05287274911035784
0.05210973283271305
0.05375832080659457
0.052454034480825064
0.0516016571117565
0.052438245395058765
0.05321363055082038
0.05135833743941039
0.05191131301689893
0.05237101560477168
0.05147456968091428
0.05178020640239119
0.050626765096420424
0.05165822299947031
0.05178744239883963
0.05339200205160305
0.05201782151837833
0.051143082510633396
0.051943169772811236
0.05087924391645938
0.05049821069026366
0.051032320271432396
0.05009702178267762
0.050566787896770986
0.051198371182149274
0.05059316825461574
0.05023907581493259
0.05123675246802158
0.051799866490461866
0.05136685388487531
0.050802815303357785
0.04991407018231694
0.04999620128620882
0.050573400718485935
0.049714452457916926
0.04982492548127193
0.05029323575249873
0.04946471822930034
0.04992516061324859
0.05000598241453991
0.04935631328094751
0.048625340677588245
0.049047044525365346
0.048753643410559745
0.04933631403686013
0.04910580792184919
0.04863701239625225
0.048144988401117736
0.048090367999859156
0.04772591415622737
0.04699198858692544
0.04715005201714812
0.04710424377219752
0.047126114001846874
0.04804079732793616
0.047344180741545276
0.04773629393938463
0.04676070767435012
0.04676631055561593
0.046206060233875176
0.046819858044211286
0.04615639760424383
0.04685282919832971
0.0487341137459036
0.046114701565227005
0.04641648211926222
0.04649858513693325
0.046858779233857055
0.04561585782743059
0.04575980329633458
0.04547425694429549
0.0449560090407962
0.04594269719278673
0.045722433402540626
0.04480132512152195
0.04503071426339447
0.04517431449816795
0.044607691974379124
0.04471275088461116
0.0446877176970942
0.045857721302786376
0.04468351194264833
0.04567571584613761
0.04407107504690066
0.0441247221091995
0.04506459109548014
0.04520708994129673
0.045706354983127674
0.04389364340836182
0.04437584453321761
0.04372543675691122
0.04428131042404566
0.04516568837310188
0.04481773081482388
0.04401045565579552
0.04445538125038147
0.04373214265200077
0.04332682406869717
0.04398892430183478
0.04425405028800014
0.044619179126713426
0.044667332449904645
0.04440773584705312
0.044085613801120783
0.043938538575614805
0.04388205669934396
0.043971718912152576
0.042731114015658385
0.043166405693488195
0.04347679229993373
0.04271311096267309
0.0429297122908989
0.0430036861025379
0.04248372570257634
0.041752937250910324
0.043508585017407314
0.0441703753456939
0.04429347638719482
0.04402833452988416
0.042312569155707025
0.043955171299912034
0.044061550541687755
0.044500356360455046
0.044146049293503166
0.04342581020272337
0.043563694656034935
0.044476454348652626
0.04390199203663506
0.04333359270155197
0.04307274757750565
0.043243324257945644
0.043052447069634216
0.04425649994874839
0.04355256664383342
0.04274303727585357
0.042402851320500486
0.04274861570285284
0.04282253056582995
0.04220414712099591
0.042595242184156085
0.04257387971733697
0.04342177610845538
0.04166020880819997
0.04323852573204785
0.04183622472353745
0.04288216159099247
0.04191867528775474
0.042163166037097105
0.0419396630086936
0.04167259298994904
0.04135119138347218
0.04235462537535932
0.0410368177594617
0.04175421271675732
0.040610442498885096
