12.19
14.12
16.71
21.7
27.6
35.55
38.05
40.02
45.2
53.16
62.3
63.97
67.6
70.91
71.86
73.81
76.29
76.95
78.14
80.02
80.59
81.73
82.58
83.49
83.51
84.63
84.79
85.22
86.27
86.39
86.23
86.78
87.11
87.48
88.18
88.19
88.06
88.43
88.59
88.9
89.13
89.66
89.62
89.69
90.26
90.09
90.47
90.32
90.69
90.77
90.78
90.96
91.35
91.28
91.63
91.74
91.79
91.68
91.83
92.03
92.1
92.29
92.43
92.54
92.6
92.56
92.73
92.73
92.9
92.79
92.97
93.01
93.07
93.09
93.38
93.55
93.44
93.45
93.45
93.55
93.5
93.68
93.76
93.85
93.69
94.07
93.94
94.14
93.97
94.04
94.18
94.08
94.28
94.29
94.27
94.34
94.35
94.52
94.42
94.54
94.52
94.52
94.6
94.69
94.77
94.77
94.8
94.77
94.86
94.89
94.92
94.93
94.89
95.02
95.01
95.01
95.07
95.0
95.08
95.1
95.15
95.2
95.13
95.2
95.24
95.25
95.36
95.32
95.39
95.41
95.37
95.44
95.4
95.45
95.33
95.42
95.52
95.51
95.6
95.59
95.51
95.57
95.58
95.55
95.63
95.58
95.64
95.67
95.71
95.74
95.84
95.76
95.81
95.76
95.77
95.89
95.83
95.84
95.92
95.83
95.93
95.85
95.95
95.92
95.83
96.02
95.97
96.02
96.04
95.96
95.99
96.02
96.05
96.03
96.15
96.06
96.22
96.07
96.07
96.15
96.09
96.17
96.27
96.29
96.22
96.32
96.25
96.38
96.3
96.34
96.28
96.43
96.42
96.37
96.42
96.48
96.45
96.45
96.46
96.52
96.41
96.47
96.54
96.63
96.61
96.57
96.62
96.64
96.6
96.65
96.6
96.59
96.66
96.61
96.67
96.64
96.71
96.69
96.65
96.75
96.63
96.63
96.66
96.77
96.74
96.78
96.7
96.74
96.8
96.78
96.78
96.8
96.94
96.77
96.81
96.89
96.85
96.87
96.85
96.85
96.81
96.82
96.85
96.82
96.82
96.9
96.94
96.88
96.84
96.85
96.88
96.92
96.9
96.95
96.93
97.01
96.98
96.97
96.95
97.04
97.01
96.9
97.0
97.03
97.02
96.97
97.02
97.04
97.08
97.07
97.02
97.09
97.11
97.11
97.1
97.07
97.08
97.11
97.14
97.16
97.11
97.05
97.14
97.06
97.16
97.23
97.16
97.2
97.12
97.16
97.15
97.13
97.15
97.16
97.14
97.13
97.2
97.2
97.15
97.16
