2.3015689651489257
2.263936541748047
2.3215858406066894
2.4340444103240966
2.235616050720215
2.1552562370300294
1.9710756813049317
1.8416411277770997
2.175909412384033
2.386874523925781
1.9413072696685791
1.783032244873047
1.3840013694763185
1.6160783672332764
1.4949626026153564
1.2255120613098145
1.178301259613037
1.2899182329177856
1.135877233505249
1.7831888635635376
0.9010879853248596
0.8827908016204834
1.059004267501831
1.1578983989715577
0.9111347994804382
1.0131801456451417
1.0066369094848633
0.9077188829421997
0.6841096353530883
0.7528115352630615
0.6986143299102783
0.7105066175460816
0.8000742680549622
0.7825792452812195
0.5912468067646026
0.5695022089004517
0.5618571997642517
0.6587974343299866
0.6981569105148315
0.6151873075485229
0.6407325621604919
0.6735906893730164
0.648855689239502
0.5655037783145904
0.7566273741722107
0.7568615320205688
0.5991547947883606
0.500210117483139
0.7671663864135743
0.6400148330688477
0.7724224417686463
0.6063602136611939
0.633554712486267
0.6160775001525879
0.49349865951538086
0.5384783422470093
0.6187588726043701
0.6152591191768646
0.6014981917381287
0.49228348417282103
0.5571574206352234
0.8826021188735962
0.69501619348526
0.5930986853599548
0.5024845727920533
0.5454743347167968
0.45417282447814944
0.5939170695304871
0.6768991312026977
0.5154026301860809
0.44935604405403134
0.5159353926658631
0.47509271030426026
0.5052027955055237
0.5076673125267028
0.6483306808471679
0.529039199924469
0.43694328594207765
0.4802017632007599
0.4605267427444458
0.42472925572395326
0.37619075288772585
0.443220569896698
0.38502700357437136
0.360217964553833
0.4135938440799713
0.597756686592102
0.4486633065700531
0.35741684732437135
0.41461140284538267
0.3440274634838104
0.34663336434364317
0.4879242369174957
0.42804343690872193
0.5088250057220459
0.32497320790290835
0.351601776266098
0.33664125571250914
0.37583203525543213
0.4019403178691864
0.3743566582679749
0.3424992664337158
0.40025178623199464
0.37768906927108764
0.40862276644706724
0.6017861439704895
0.35557735033035276
0.36692686610221864
0.3990717890262604
0.3363364270687103
0.3477096441268921
0.3213077506065369
0.30888224420547483
0.3676217881202698
0.31093547368049623
0.3611216122627258
0.38194856169223784
0.29636904478073123
0.3398132341384888
0.34032508797645566
0.4276991834163666
0.36212655868530275
0.2979442215204239
0.39329014444351196
0.3849424893856049
0.42791730489730834
0.35263950242996217
0.3737853901386261
0.3553095443248749
0.35565648317337034
0.3331257812976837
0.28742550842761994
0.3547978424549103
0.35146088852882384
0.32587361273765564
0.26562750203609464
0.258215191411972
0.3131791175842285
0.3229899894952774
0.2756452567577362
0.27907238545417784
0.28064672322273254
0.280867054271698
0.35183448321819305
0.3179794612407684
0.2551751037120819
0.24061866433620452
0.286389210653305
0.30005237455368045
0.28451687059402464
0.26394054024219515
0.24694870011806488
0.2994066176176071
0.3444962940216064
0.34647863397598266
0.5323709181785583
0.3414045979499817
0.2770517408132553
0.25199765152931214
0.3035053288698196
0.30648685081005095
0.4057787458896637
0.31057225182056425
0.23677059814929963
0.26963019309043884
0.3461278324127197
0.2719280865669251
0.31602564387321475
0.3706153392314911
0.23828630771636963
0.24012005372047424
0.3429084219455719
0.2671339977264404
0.28315248427391054
0.2762356468439102
0.36621106257438657
0.2626870255947113
0.2771731110095978
0.3413622274398804
0.2339616840362549
0.23699766625165938
0.25983156962394716
0.23328908700942994
0.28569132375717166
0.25855058481693266
0.2619828498840332
0.2850107522726059
0.2705127773523331
0.27536614091396333
0.2903023977994919
0.26737856001853944
0.27398838243484497
0.26505898001194
0.21836879558563232
0.22704768760204316
0.2750339712381363
0.2864853905916214
0.28332973680496215
0.21347499253749846
0.2175337916970253
0.31796976928710935
0.23124172885417937
0.31240592477321627
0.26547169992923736
0.23731631526947022
0.2183956372499466
0.20452372913360595
0.2132994829416275
0.27874269423484804
0.25950894157886506
0.28369517908096314
0.2348764556646347
0.22627365460395812
0.2537315067052841
0.2238270916223526
0.21307855474948884
0.2060192792892456
0.1887994594335556
0.28546922371387484
0.25625725688934325
0.21672064204216004
0.21411924555301667
0.23550037353038789
0.31619708576202393
0.2558155512571335
0.2358018548846245
0.34170179657936095
0.30120588965415956
0.30736856112480165
0.23639472579956056
0.32112469305992125
0.2770786845684052
0.25647402079105375
0.18866242039203643
0.2795582394599915
0.20853763880729675
0.1825146659731865
0.20681907566785812
0.22224694640636444
0.28883498222827914
0.2180035480260849
0.19969796941280366
0.21414934375286102
0.22838872104883193
0.20976073062419892
0.2069571610927582
0.17830583253502846
0.22180355427265167
0.2239814811706543
0.36127150840759276
0.24156700251102448
0.21036299450397491
0.2234820600271225
0.23349519535303115
0.1908820332288742
0.21623709764480592
0.20635756571292876
0.2046198926448822
0.21048804847002028
0.19159100113511085
0.220997708940506
0.1751338421821594
0.2015711390018463
0.2983806557178497
0.20350851516723634
0.18256242990493773
0.21408930413722993
0.22649009244441987
0.2136847264766693
0.21428759019374846
0.25154995765686033
0.1897035680770874
0.16488210656642913
0.1648612940788269
0.1801628000497818
0.17012377601861953
0.1934196079969406
0.19786406354904174
0.1978419601559639
0.19285430636405945
0.22940098071098328
0.19513796303272246
0.19321183875799178
0.18503113663196563
0.1998262754559517
0.20733774085044862
0.22962423689365388
0.19785877972841262
0.1809499927163124
0.17396512360572816
0.1975508269548416
0.18527949761152268
0.2004346871614456
0.19787408620119096
0.16267987056970595
0.1770946845650673
0.21209150918722153
0.18027911542654038
0.209265927362442
0.15935714477300644
