8.47
8.92
17.49
8.92
15.36
10.1
25.4
22.79
13.97
19.18
29.56
39.96
32.36
39.54
19.5
49.1
46.63
42.85
50.39
49.96
43.28
49.37
61.67
65.11
65.44
51.03
48.0
64.3
50.22
65.93
63.93
59.9
72.4
66.51
61.67
62.46
65.13
78.42
66.91
67.36
64.01
67.43
72.87
73.91
80.54
74.88
75.7
76.99
76.1
76.41
77.52
79.65
81.56
81.4
80.9
81.54
80.57
54.48
57.6
74.49
71.98
76.84
78.35
81.3
78.6
64.93
74.8
81.23
83.47
85.59
84.93
82.64
87.49
84.52
86.48
84.17
83.62
84.18
84.81
84.08
73.05
78.62
85.91
88.11
81.35
83.79
86.05
86.51
85.93
87.01
85.19
80.82
83.76
85.51
88.01
85.56
88.7
85.56
88.77
86.86
88.77
85.65
88.09
87.85
86.54
87.29
85.84
88.15
88.8
88.85
87.6
71.78
80.1
86.44
89.55
90.23
83.88
85.84
89.52
85.22
87.46
89.52
88.59
82.63
87.9
88.1
89.4
89.53
85.5
85.24
85.61
86.26
90.3
87.57
90.57
89.98
89.13
89.56
91.65
91.41
87.28
89.67
89.27
91.04
90.41
89.56
88.93
87.45
91.02
90.52
88.78
90.53
85.85
90.19
92.16
89.44
90.19
91.7
91.22
91.9
92.74
92.74
90.22
92.22
92.01
91.65
92.3
91.18
91.74
89.99
90.57
90.01
83.02
92.86
92.15
89.4
89.58
85.39
92.48
92.19
92.44
91.7
92.68
90.84
92.13
89.91
92.3
90.83
91.39
88.7
89.95
86.73
90.95
93.54
92.86
93.07
93.21
93.49
91.26
93.08
92.75
90.82
89.35
92.31
92.45
90.75
90.62
89.86
92.57
91.51
90.01
93.56
91.65
91.97
92.6
93.63
93.85
93.35
92.2
91.04
91.45
93.49
92.96
92.67
93.42
94.09
93.7
94.02
92.86
93.17
92.54
92.64
93.98
92.65
93.0
94.15
92.69
90.58
93.78
93.37
92.99
93.37
93.38
92.63
91.67
92.7
93.55
93.67
93.68
94.48
93.19
94.44
94.14
94.43
92.77
94.52
94.37
94.93
91.85
94.1
94.19
93.9
94.34
94.63
94.27
94.07
92.75
94.12
93.65
93.92
92.73
94.59
94.25
94.45
95.37
94.68
92.33
95.0
94.96
94.72
94.6
94.18
91.11
93.23
94.84
95.03
95.46
95.22
94.86
94.85
94.9
95.16
95.02
94.5
94.93
95.58
95.36
94.83
95.68
93.54
