2.3057954345703124
2.3303207511901856
2.3625683631896974
3.1684526275634766
2.4860073635101316
2.663067039871216
2.6682401344299316
2.1806424289703368
2.4255629035949706
2.2554343826293946
2.040916367340088
1.748448618888855
1.8775327880859376
1.8693807777404785
2.2129796432495117
1.6186311540603637
1.688493358039856
1.4763990802764893
1.4916374475479126
1.5641183895111084
1.7121775018692016
1.4225901346206664
1.1123082061767577
1.0206100542068481
0.9722553964614868
1.4326583267211914
1.4397524147033691
0.9893931588172913
1.3828392972946166
0.9325455986976624
1.0063622282028197
1.093462336730957
0.8256637341499329
0.9440577043533325
1.1273760732650757
1.1659840982437133
0.9843835919380188
0.6705933454990387
0.8872916211128234
0.874341750049591
0.9462704692840577
0.8906481114387512
0.7646190880775452
0.7611726645469665
0.6145959966659545
0.7084457604408264
0.6934653419494629
0.6730563771247864
0.6809716958045959
0.6810624348640442
0.6608896095275879
0.5938911569595337
0.5444575009822845
0.5640032772064208
0.537745339679718
0.5399531649112701
0.5799836955070495
1.6341546115875245
1.5472494285583496
0.7382120174407959
0.7212251050949097
0.6515429099082947
0.6285748608112335
0.5601533100128174
0.613016037607193
0.9491705814361572
0.9282849480628967
0.5727668885231018
0.5016752962112426
0.4644672820329666
0.46164858210086823
0.5179831870555878
0.40940184497833254
0.46833711643218995
0.43587182507514954
0.4860764362812042
0.4861875153541565
0.4768626772403717
0.4652862870693207
0.491345539188385
0.7193284783363342
0.5954984578609467
0.44037721519470213
0.38005449299812316
0.5222935070037842
0.4876014664173126
0.4235234338760376
0.42450417823791503
0.43936078724861144
0.3953546163082123
0.43613271284103394
0.5248068002700805
0.4593543832778931
0.450821520280838
0.3807970270395279
0.418156214261055
0.3625523960351944
0.4226449217796326
0.35218269929885865
0.3916950628757477
0.347639013338089
0.4426505934715271
0.3642303305387497
0.36857495665550233
0.399195298576355
0.368525518321991
0.4277274202346802
0.3699428663730621
0.3514242908716202
0.347467222905159
0.3815114633321762
0.8199388456344604
0.6296159175395966
0.4165851089954376
0.33701643793582914
0.319878045964241
0.47876168870925906
0.4092141479969025
0.3288443102836609
0.46396818318367006
0.37066728293895723
0.327566831612587
0.33774146463871
0.4956701996803284
0.3669703204870224
0.3662203471660614
0.32552161657810214
0.3236602448940277
0.4236331316947937
0.4519835907936096
0.42052310547828675
0.3948520411491394
0.2988448940038681
0.3729459699630737
0.2956371178627014
0.30752099385261533
0.33557345488071444
0.3114162019133568
0.26916521257162096
0.2735264654159546
0.36823765103816986
0.3193030917406082
0.31761823551654816
0.2854287930727005
0.3086695645570755
0.3134591896533966
0.3356183397769928
0.35865237865447996
0.27807591812610627
0.2897018848776817
0.32254509744644166
0.30346116231679915
0.4154379074811935
0.30306486909389496
0.25497311794757843
0.3314082025527954
0.30497285425662995
0.25624669345617296
0.27503032546043393
0.25465341349840165
0.23570042204856873
0.23378329223394395
0.30948871569633485
0.2468679449558258
0.2529049895644188
0.26758605680465697
0.23881315928697586
0.2696579133987427
0.2548591433882713
0.3032265385866165
0.28712713959217073
0.2974641824483871
0.5053207880496978
0.23561184012889863
0.23978886128664018
0.3113373728990555
0.31578476098775865
0.40917410759925843
0.23425614641904832
0.24917412046194076
0.2304395132303238
0.2495865962266922
0.23519224252700804
0.2737220621585846
0.2366646238565445
0.29308207691907884
0.2384872264623642
0.26964271531105044
0.2617504857301712
0.34018527517318725
0.2949043703079224
0.3840092301845551
0.2789058827280998
0.21090306751728058
0.22080715733766557
0.2208517998456955
0.21097879297733307
0.20922806317210196
0.26296957051754
0.21869820325374603
0.23012435492277145
0.280418313062191
0.30866331481933595
0.22608734061717986
0.2300052347421646
0.2651173380613327
0.278474884724617
0.2995685044527054
0.22607179832458496
0.24982263140678407
0.30232195227146147
0.2037662462770939
0.2537892441034317
0.250860760641098
0.21957350811958312
0.19889596180915833
0.1919919647693634
0.2054117259502411
0.2417757513642311
0.25319994742870333
0.25580214972496035
0.19836692706942557
0.2180452167391777
0.22100532631874084
0.19957213550806047
0.18880236211419105
0.20275632441043853
0.18915451991558074
0.22089854730963707
0.20787217388153076
0.22077754535675048
0.2209449278831482
0.18892756243944167
0.2267993802666664
0.21335294930934906
0.18403202037811278
0.21386881197690963
0.2617719216823578
0.18840739985108376
0.20378011591434478
0.21128375515937806
0.2131263170361519
0.1993433739066124
0.2243101956129074
0.2488002747297287
0.21406219542622565
0.20030780804157258
0.19880430364608764
0.194191663351655
0.17116339652538298
0.20983613330125808
0.1763369101703167
0.1852564588189125
0.17310903977155687
0.21865962661504745
0.16964142723083497
0.17303396186828612
0.16128315927386283
0.24134501353502275
0.1836016102731228
0.17951501472592354
0.18810725923776628
0.1716721422433853
0.17254832062125205
0.17899472213983536
0.18349702543616295
0.21909517875909806
0.18378474899530411
0.1884035155236721
0.19057364186644554
0.22169037191271782
0.17202624707221986
0.17941441252827645
0.17276706072092057
0.14587883871197702
0.16715623840093613
0.23756203320026398
0.15987926543951034
0.16320449763536454
0.16789900568723679
0.16609866825938224
0.17574285501241685
0.25360765681266784
0.20102082591056825
0.160628520745039
0.1579310440659523
0.1447685816884041
0.14861312193274498
0.1655059862077236
0.15844818207025527
0.15671022205352783
0.1534690210402012
0.15023424049019812
0.16958120194673537
0.15468914040625095
0.14511211274266242
0.15423037608265877
0.1575291334271431
0.1375645471572876
0.18895919991731644
