2.3165469505310057
2.5661548263549805
2.7053621055603028
2.4404853969573974
2.3881525403976442
2.3893441526412964
2.5606928409576417
2.22803378200531
2.29877223777771
2.227325198364258
2.218094900131226
2.389896537399292
2.1877000936508177
2.2489092515945432
2.1611792154312135
2.355602712249756
2.363002875137329
2.1263880048751833
2.4085264335632326
2.1812118492126467
2.110863306427002
2.2765896800994874
2.208145272064209
2.4336956577301025
2.3535923500061036
2.0400303470611574
2.0155892683029175
1.959084838104248
1.9954005611419678
2.2073152870178223
1.9694027492523194
1.9834057979583741
2.0334157388687135
2.2294694343566896
1.9309368228912354
2.067822713470459
1.8772037109375
1.9987087295532227
2.028446963119507
2.043764363861084
1.922145066833496
1.9204650329589843
2.030024592971802
2.1126876850128173
2.0100667507171632
1.978878966140747
1.8716626180648803
1.8674865339279174
1.7662991580963134
2.0533539945602417
1.8988552661895752
1.9579124187469483
1.9850750537872315
2.3913998168945314
1.836037396621704
2.2908724208831788
1.841127465248108
1.7555697849273681
2.1844399703979493
2.4233698917388917
1.8318345638275146
1.9491263061523438
2.394520951461792
1.8924146867752074
1.9250695198059082
1.788412583732605
1.9385472747802734
1.8658492076873778
1.747313374519348
1.7323326034545898
1.6998707508087159
1.786003909301758
1.932294800567627
1.7380433795928956
1.8125365039825438
1.7513477365493775
1.6658451498031617
1.771327398300171
1.6413743368148803
1.7321600728988646
1.8393989070892334
1.7787861303329469
1.6798904674530029
1.716051466369629
2.2398260036468507
1.7850560535430908
1.927710745048523
1.9141957498550415
1.7971996322631836
1.6897405097961427
1.7126530935287476
1.8772169275283814
1.9733073751449586
1.7821720716476441
1.8687982538223267
1.641434539604187
1.7537990413665772
1.671894204711914
1.6004003940582276
1.7789477598190309
1.728904390335083
1.5876574460983277
1.7226684488296509
1.8519644176483154
1.7242664596557618
1.6326334463119507
1.6462560256958008
1.7969292325973512
1.7564535827636718
1.6848549449920653
1.7665697410583496
1.866328677368164
1.638085941505432
1.6210396070480346
1.5886342487335205
1.6937617937088012
1.626513611984253
1.8505404809951782
1.6078477554321289
1.6204322721481323
1.6245303297042846
1.66970196685791
1.9119661888122559
2.4422643527984618
1.7112409942626954
1.6866610488891602
1.6487134742736815
1.615061749458313
1.652216377067566
1.5958244136810302
1.8051800889968872
1.6587455234527588
1.7544136596679687
1.6167329219818116
1.5520599653244018
1.8525062173843383
1.6030315567016602
1.5810780111312865
1.6843862588882446
1.7825344272613526
1.6342072732925415
1.4980192525863647
1.7933572593688965
1.691314349746704
1.6337265369415284
1.7127177827835083
1.9244204635620117
1.8249520135879516
1.6763453100204468
1.7403738264083863
1.6108285943984986
1.691601814842224
1.5421254369735717
1.707876928138733
1.7020201030731201
1.5453453159332275
1.9934316902160645
1.4947571044921875
1.7226991514205932
2.0197699581146242
1.5266724670410157
1.5641831569671631
1.7540393833160401
1.963535195159912
1.7233318901062011
1.692854359817505
1.5393583559036255
1.6414986999511718
1.5131790121078492
1.5039742782592773
1.60851104888916
1.6894221002578735
1.743544878768921
1.5479277917861938
1.576990284538269
1.542423024559021
1.438462412261963
1.7054665962219238
1.6296326765060425
1.4682400148391723
1.6905351358413696
1.534322177886963
1.6240530918121339
1.4262280849456788
1.6471534711837768
1.5134329736709595
1.753449289703369
1.9649569623947143
1.8016709129333497
1.637481734275818
1.9224295347213745
1.8330771425247192
1.5262954837799072
1.5251226522445678
1.4257747179031373
1.5724855251312255
1.508973860168457
1.8377373607635499
1.4804774795532227
1.8059805435180665
1.6936391222000122
1.783645055580139
1.6864971107482911
1.7946905414581298
1.7125684579849243
1.5977252742767334
1.4697249441146851
1.5929253435134887
1.7535412759780884
1.640809051322937
1.5063383577346803
1.7013063508987427
1.6763296875
1.6160082151412964
1.492905842590332
1.6085047927856446
1.6286947225570678
1.6136678693771362
1.6966604610443115
1.6057487714767456
2.096699932098389
1.4609141736984252
1.6290134243011474
1.4979194622039795
1.8109156299591065
1.4620042230606078
1.6437640338897705
1.4513306140899658
1.604503607749939
1.6604694232940673
1.63099633102417
1.5495549758911134
1.6252775465011597
1.564699983215332
1.5690605560302735
1.448950315284729
1.615971928024292
1.415079355621338
1.545666969871521
1.4479750339508057
1.5510560417175292
1.7776636781692505
1.8315922508239746
1.650799341392517
1.5506539611816406
1.428220839881897
1.6379194793701173
1.5916051418304444
1.428994298171997
1.4943182256698608
1.7466786289215088
1.6481104104995727
1.5087227973937989
1.6046748317718507
1.4033998168945312
1.6426388893127442
1.4532992078781128
1.5048850091934205
1.4070390460968019
1.587138288116455
1.5440111785888673
1.3998605693817139
1.4146610982894898
1.7978042003631591
1.529894930458069
1.556233585166931
1.7200067279815674
1.5056722249984742
1.4771721099853516
1.6092730558395385
1.4710724853515624
1.889561728668213
1.7559720132827759
1.5893782684326172
1.521462985229492
1.4134316402435303
1.4531538513183593
1.383742221069336
1.629988892364502
1.4052463380813598
1.4839671411514281
1.4698726188659668
1.9406497507095337
1.4194706045150758
1.488781784248352
1.378454895401001
1.396214084815979
1.4406566944122314
1.6040370250701905
1.508935478591919
1.3764475891113281
1.3261878494262695
1.4571205009460448
1.5485084409713745
1.5142300287246704
2.1066911575317384
1.488403971862793
1.4414527318954469
1.6099917678833007
1.4663354900360108
