10.1
27.15
43.97
42.97
57.34
60.66
51.96
53.3
65.48
67.59
72.22
63.27
78.89
75.88
86.16
75.1
82.02
77.18
75.03
81.95
81.29
78.11
84.14
71.59
89.23
82.7
86.05
90.93
88.19
92.58
92.23
85.09
82.77
84.07
90.11
90.48
87.89
88.37
81.84
84.61
91.35
87.69
84.53
93.72
92.55
91.52
93.37
88.83
84.81
90.68
93.63
90.06
93.38
86.22
91.85
88.04
93.31
91.86
94.37
93.11
92.03
91.44
92.13
94.2
91.62
93.64
92.63
93.11
94.84
93.43
94.31
92.74
93.59
93.43
87.95
93.34
94.17
88.02
93.09
95.29
94.47
91.1
95.43
89.49
88.27
93.45
91.11
94.42
93.46
90.07
95.12
94.18
94.3
96.03
95.7
93.42
94.22
94.98
95.65
95.55
92.36
94.82
95.82
95.09
94.95
92.55
95.59
89.9
95.02
94.54
91.76
95.33
95.31
95.36
93.34
95.78
94.08
95.42
94.5
96.49
96.35
96.19
94.05
95.31
94.78
93.93
93.81
91.68
95.28
95.83
95.24
96.52
95.16
91.58
93.11
95.59
96.29
91.95
94.69
95.95
96.03
94.8
95.63
95.13
92.23
95.86
95.68
92.94
96.53
96.31
96.7
93.95
93.66
95.7
96.1
95.26
96.14
95.83
95.56
95.49
96.2
95.27
95.4
96.39
95.13
94.1
93.22
96.74
95.97
95.69
96.81
96.3
94.23
94.42
94.62
91.06
96.11
96.48
96.78
96.82
93.25
96.21
96.13
94.35
95.52
95.55
95.44
96.54
97.39
95.35
96.99
97.12
97.06
96.54
96.22
97.09
96.77
95.22
95.62
96.45
95.0
93.3
97.06
95.59
96.69
96.62
96.92
95.6
97.18
96.77
96.42
97.07
96.26
96.66
97.13
97.13
96.88
96.65
96.15
95.12
96.02
96.6
96.81
97.57
96.52
96.77
94.32
94.23
97.01
96.86
97.1
95.7
96.21
96.55
97.01
96.16
97.26
97.51
96.8
97.17
96.17
97.0
96.68
96.47
96.24
97.45
96.51
93.09
93.19
95.02
96.55
96.93
95.91
96.94
97.3
96.65
96.94
96.55
97.4
94.88
96.76
97.04
96.22
97.24
96.11
95.68
97.43
97.5
96.3
96.85
97.52
97.34
97.45
97.64
96.31
96.93
96.4
97.47
97.34
95.04
96.5
97.14
97.86
97.76
97.11
97.36
97.49
97.4
97.57
97.38
94.81
97.5
97.15
97.13
97.13
97.13
97.47
97.63
96.63
97.56
