3.8184739433288573
2.142540283584595
1.794659836769104
1.7659220296859741
1.2329075049400329
1.3547967321395875
1.3402516576766967
1.3670773134231566
0.9653273414611816
0.9083144219398499
0.7813183266639709
1.0616748216629028
0.6362055383682251
0.69208840675354
0.5278588104248046
0.9076484835624695
0.5617729772567749
0.5902989683151245
0.6579102319717407
0.5659875282287598
0.5330598722457885
0.6214220848560333
0.45841293807029726
0.6918425849914551
0.3829649497509003
0.49669303855895997
0.4219450174331665
0.33827837381362913
0.36002099742889404
0.2878398532390595
0.29041315314769744
0.4054398628234863
0.43477881708145144
0.4509632201194763
0.31447941031455995
0.314353857254982
0.38650839891433714
0.3703409937143326
0.4550480408668518
0.3818876942157745
0.2849283498764038
0.35945499053001406
0.3823089404582977
0.21768932387828827
0.24468505017757416
0.25452841715812685
0.23135444306135178
0.2880800214290619
0.3929506628990173
0.2845584059476852
0.2298416100025177
0.2727046678543091
0.2184213923215866
0.33826424112319947
0.25334429020881655
0.2970736494541168
0.21835822241306305
0.2411225031018257
0.1881392678976059
0.22161457576751709
0.23353586249351502
0.2670379147052765
0.24518332562446593
0.20624590471982956
0.24319194924831392
0.20423982163667678
0.22603072481155395
0.2255756034374237
0.1771332945406437
0.21783119000792503
0.19188865208029748
0.22212053225040435
0.20963253086805345
0.22049010183811188
0.27723231523036956
0.21094154500961304
0.190600015103817
0.30828511424064636
0.2123605108976364
0.15840911521315576
0.189889473259449
0.2392071501016617
0.15403331277370452
0.2612945059657097
0.2773637851715088
0.20536628128290177
0.25353373181819916
0.17779197313785552
0.20282734402418137
0.2800805131673813
0.1706317762374878
0.1930196224808693
0.1829219663977623
0.13477152017056943
0.14418676180243492
0.19254602406024932
0.17069068197011947
0.16874840536117552
0.14748617548346518
0.15052673236131667
0.21195223090648652
0.16575962923169135
0.13991810693740844
0.15837640670537947
0.16436244767904282
0.19489341555833817
0.1463868684232235
0.25228637075424193
0.15633470863997936
0.16678952238559722
0.2326830151796341
0.14741026734113694
0.14741882604956627
0.1533678702622652
0.19922043039798737
0.14448307087421416
0.18356282383203507
0.1440361995100975
0.16405461510419844
0.1323032121181488
0.119882894384861
0.12930743669867514
0.18776238532662393
0.1537617365002632
0.1638477905869484
0.17750813624858855
0.187101219843328
0.24581768023967743
0.15596492179632188
0.14946879475712777
0.15145174120664598
0.11808607905209065
0.14325669409036637
0.2204752719283104
0.18965867304801942
0.13647633310109378
0.1226455165207386
0.23247911806106566
0.16443778134584427
0.14464316831827165
0.13348853043913841
0.16205454760491847
0.14325529633164405
0.1540671330153942
0.21579377380609513
0.13217192842960357
0.134363211029768
0.19715676546096803
0.1161522860378027
0.11657349673956632
0.10675888100862503
0.16925816264152527
0.19045849071741103
0.1274906679302454
0.12491248610317707
0.13983035517930983
0.1285191334962845
0.1331856202572584
0.13820481141209603
0.13654962871074677
0.12560442288815976
0.14643459736704825
0.13973235548734664
0.11615584544241428
0.14606283982992171
0.17092879915237427
0.1914486496567726
0.10718859674930573
0.1290695178344846
0.1413641596108675
0.10658658511340618
0.1216693677842617
0.18268437077999114
0.16619650708436967
0.15127352551817894
0.2457001043319702
0.12403097240924835
0.10793132653683424
0.10724077544808387
0.10199985167756677
0.19311437015533447
0.12219045035839081
0.12654746883064508
0.17406919739246368
0.1445095281392336
0.14344851385354995
0.13810488314926625
0.1050095814153552
0.08783235618472099
0.1446515519440174
0.09928988332673908
0.09765412544757128
0.09839144026786088
0.12122794506251812
0.11607111258506775
0.09109635208398104
0.10357920151501894
0.15179247160553933
0.13442367486059667
0.11266648890674114
0.1437274006485939
0.18072568858861923
0.09673361339569092
0.1351266955882311
0.10729122161269188
0.10909693095088005
0.10300101400911808
0.14051561998426915
0.09567984134554863
0.10148901168406009
0.10889286838769913
0.09139130933508277
0.11324952996373176
0.10466289774477482
0.09114556057155132
0.08862228386998176
0.10142690201848745
0.10587496564164758
0.11689359762072563
0.15338269455432893
0.1275940362751484
0.11184394445940853
0.10225865768045186
0.08319909524619579
0.11290243689715862
0.1089068302243948
0.1635109257221222
0.16684289708137512
0.0986226435303688
0.09650920174270869
0.09972446102946997
0.13148651242554188
0.1137448713555932
0.10486218779087067
0.0974812762632966
0.11369522353187203
0.08977796212285757
0.08671515984907746
0.10134615539312362
0.09813345772773027
0.12706244438290595
0.09856637791842222
0.1031421381354332
0.11316003597080708
0.11708671770095826
0.08211650102585553
0.11318144056200981
0.17866706750392913
0.1703630375266075
0.14649453443288804
0.10285958361402155
0.09878008487373591
0.12607293933331967
0.09636398963332177
0.08815770886689424
0.10201343888491392
0.09241506578326225
0.10510800589323044
0.08615606761053204
0.14904906331300735
0.1028669239193201
0.098009205391258
0.1196706098586321
0.0890492641158402
0.11813496575951576
0.12539224931001663
0.07880463216751814
0.0810528453707695
0.10907425804436206
0.10153816835582256
0.08281619981080293
0.08243073419816792
0.08229310861825943
0.08062178257256747
0.11059080727957189
0.10343367537260055
0.10120453789159656
0.0846369885750115
0.08774352189339697
0.14153526247665285
0.10974273792617023
0.08734201123584062
0.07185199320055545
0.0737678793810308
0.09730561379790306
0.08613559760898351
0.07716296299248934
0.08206318917274476
0.07867022421881556
0.08116176377087832
0.14450341709256173
0.076796563834697
0.08715995252504945
0.08664961091727018
0.08856265316903592
0.09604841717332602
0.08325184997301549
0.0809409401834011
0.10348211060464382
0.07685696736611426
