2.303178942489624
2.3003835430145263
2.2976831798553468
2.294321840286255
2.2896506381988524
2.282277685928345
2.2673660068511965
2.239584984970093
2.1909876667022705
2.1251414894104004
2.072999282455444
2.0395981569290162
2.0052826251983644
1.9744841207504273
1.949370952606201
1.933497999382019
1.9216464811325074
1.8891558029174804
1.8710258569717406
1.8537570865631103
1.8318293481826782
1.8123338815689087
1.7950276920318604
1.778034877204895
1.761923390197754
1.7432452182769775
1.7321858190536499
1.7205939111709594
1.709896163368225
1.6990099409103394
1.680070226097107
1.6810777549743652
1.6805539896011352
1.6581502351760864
1.6517917306900025
1.6432910032272339
1.6343363470077514
1.6394481441497804
1.6238823598861694
1.6183705339431762
1.6076682859420777
1.5987621536254883
1.597023953819275
1.5845797863006592
1.579516463279724
1.5695672204971314
1.5687345455169677
1.558670721244812
1.560515605354309
1.5495136949539186
1.5436131616592408
1.5414851140975951
1.5282333614349366
1.5235898992538452
1.5219788431167602
1.5196592639923097
1.508339952278137
1.5043474216461181
1.5005449272155762
1.4961998052597045
1.4860491846084596
1.4790875755310058
1.4844130254745482
1.4832828834533691
1.4715136083602904
1.4686166299819947
1.4694623571395875
1.4579828578948975
1.4627846431732179
1.4542152683258056
1.4535359760284423
1.447352739715576
1.4412225368499756
1.436057999420166
1.4319737512588502
1.4367776027679444
1.4255427291870117
1.423324185371399
1.4155806331634522
1.4146676551818849
1.4161067928314208
1.4135265981674194
1.4068621116638182
1.3991868459701537
1.4021422803878785
1.3973649368286132
1.3965163387298585
1.3975072439193725
1.386093069076538
1.381399645614624
1.376467163658142
1.3780491264343262
1.3718540060043336
1.3749075588226318
1.3666488998413087
1.3648304885864257
1.3646526556015015
1.357070477104187
1.3528248151779174
1.348878038406372
1.354242728614807
1.3527359674453736
1.3490918252944946
1.3497014759063721
1.3540296802520753
1.3356968439102173
1.3402969621658325
1.3312469470977784
1.3350152961730957
1.3255927696228027
1.3240251480102538
1.3266131742477416
1.3201373556137086
1.3195881948471069
1.3152741792678833
1.3148051723480225
1.3105740198135376
1.310957162475586
1.3079437620162964
1.3094941495895385
1.304136873817444
1.2992629949569703
1.2969839910507202
1.2939803770065308
1.2913110500335694
1.2923630857467652
1.2917539855957032
1.2865558738708496
1.2849091819763183
1.286518086051941
1.2766009307861328
1.2802289617538452
1.2774435689926147
1.2772474193572998
1.2778796138763429
1.2747753936767579
1.265784066772461
1.2660924142837524
1.2728597261428833
1.2626595260620117
1.257982067298889
1.2591154085159302
1.2605586580276489
1.26150650806427
1.2514979064941407
1.2547113193511963
1.2545219144821167
1.2489792615890503
1.253638310623169
1.2457441188812255
1.241146485900879
1.2451335857391357
1.2403057949066163
1.2364255638122559
1.2317527355194091
1.2324712148666381
1.2298318363189698
1.2302140396118164
1.2309343509674073
1.232621891593933
1.227316247367859
1.2256389865875243
1.2315910869598388
1.2241514575958252
1.2239335117340089
1.2193603801727295
1.2173055501937866
1.217707098197937
1.2132459613800048
1.2252263639450074
1.2204708658218384
1.2098503660202027
1.2042540935516357
1.2113018692016602
1.1987951669692993
1.2037265748977661
1.2055045467376708
1.201596413040161
1.19856651096344
1.2003140253067017
1.1961839870452882
1.1941536960601806
1.1939451183319092
1.1923571632385255
1.1910621870040894
1.1997483039855956
1.1862305778503417
1.184085333442688
1.187553416633606
1.182600041770935
1.1812917150497437
1.191582561302185
1.1850923383712768
1.1850092065811157
1.179658862876892
1.1793198062896728
1.1770041566848755
1.1735926351547241
1.1726885271072387
1.1780437995910644
1.1802971485137939
1.1779107706069947
1.1687002470016479
1.169187129020691
1.1686755159378053
1.1652993827819824
1.1623459018707276
1.1631504699707031
1.1601025955200195
1.1702705558776856
1.162673791694641
1.1660881631851197
1.1587247568130492
1.1577947593688964
1.1569613542556763
1.1520864994049071
1.1540658878326415
1.1531973192214966
1.1610129259109496
1.1498778059005736
1.148871257019043
1.1492034536361695
1.1525561634063721
1.1469606817245483
1.1527856433868409
1.1498509958267211
1.1453289051055908
1.1441125949859619
1.148373899459839
1.1438153381347655
1.1473061861038207
1.143057142829895
1.1409054599761963
1.1420852075576782
1.138410488319397
1.13798422164917
1.1385954877853393
1.1330551168441771
1.1337464567184448
1.1408349630355834
1.130525316619873
1.1313889513015747
1.1361403881072998
1.1266343269348145
1.123974878883362
1.1273463470458984
1.1237810831069945
1.1290436517715454
1.123381272125244
1.1174843742370606
1.1251676733016969
1.1205220100402833
1.1176469404220581
1.1250667583465577
1.1331194604873658
1.1203389612197876
1.1298314214706422
1.123843835067749
1.123449320793152
1.1178972942352294
1.1219355749130249
1.1217805976867676
1.11282012424469
1.1182520257949828
1.1188510763168336
1.1205309883117676
1.114014683532715
1.111433232498169
1.109017915534973
1.107572904586792
1.1157960411071777
1.1161598093032836
1.10790151348114
1.1069952835083008
1.1150277406692506
1.1063841791152955
1.1076088512420654
1.1142065483093262
1.107873945045471
1.1094018049240113
1.1064244359970092
1.1146709722518922
1.106661886024475
1.103253533744812
1.1146862201690675
1.103215470123291
1.1073554216384889
1.1061805725097655
1.0995017053604126
1.1057614177703858
1.0979555347442627
1.102649905395508
1.1008415676116943
1.1015847902297973
1.0997635946273803
1.1097919235229492
1.1068420097351075
1.102755261039734
1.0944187611579894
1.0955461849212647
