2.3052777244567872
2.5484866176605223
2.7099305660247803
2.6472080348968507
2.614020154953003
2.6029274211883546
2.7665534816741943
2.3818530353546143
2.44639093208313
2.5325017120361326
2.3043836277008056
2.4409384689331053
2.268696858596802
2.4322664505004883
2.4971597015380858
3.763255355453491
2.277410362625122
2.5859302398681643
2.29769254322052
2.177788748550415
2.128328031539917
2.626799892044067
2.190778521347046
2.250531745529175
2.6570230278015137
2.243692325210571
1.9701153772354125
2.226234546661377
2.1441924556732177
2.2962405559539794
2.1583966260910032
2.0811393127441407
2.026144528579712
2.066416370391846
2.211968042373657
2.2580632759094237
2.2697134685516356
2.1455674272537233
2.0934592796325684
1.972448750114441
2.040404559135437
2.5878578704833983
2.0376943817138673
1.9513832000732423
1.8473983850479125
1.911518920135498
2.070644059562683
2.1123546463012697
1.891785828781128
1.8305879266738891
2.15687331199646
1.8470217542648315
2.0435251581192015
2.1190746490478514
1.9925781436920167
1.7667815786361694
1.6964616508483887
2.100505800628662
1.8420863786697388
1.8486891502380371
2.17008825340271
1.9071255235671998
2.2106464984893797
2.0049441204071043
1.90771547870636
1.9883074657440185
2.0169104820251467
1.8212009452819824
1.8507489459991455
1.81386842918396
2.0698504167556764
1.8724154947280884
1.868475919342041
1.9352499485015868
1.79837237739563
1.8679298496246337
1.849574994468689
2.090489266204834
1.8090204916000365
2.2618116985321044
1.8145601837158203
1.7352087463378907
1.6383664224624634
1.939667949295044
1.9416978797912599
1.7667314388275146
1.8086664724349975
1.8002682878494263
1.7293609996795654
2.0125934762954714
1.8590509672164917
1.7082043474197388
1.6405403997421264
1.8166825254440309
2.2660669967651366
1.597910132598877
1.729768212890625
1.7543655941009522
1.9000879398345947
1.6123984239578246
1.7476452293395996
1.8953736711502076
2.1020469104766843
1.6813313503265381
1.6778836460113526
1.950984539604187
1.9203658615112305
2.140315061187744
1.7399875885009766
2.0544877075195314
1.6812760690689086
2.1371160179138182
2.0594130727767945
1.7073495096206666
1.6838187494277954
1.639746447944641
1.5896081003189086
1.8000994209289551
1.8268027416229249
1.735345100593567
1.572540649986267
1.7938856052398682
2.082777387237549
1.4824538705825805
1.5324373376846314
1.7471350639343262
1.7110364660263062
1.833622255897522
1.6612576595306396
1.921642988395691
1.7501079244613647
1.6519227039337159
1.9081554628372193
1.7088354776382446
1.6555689798355102
1.9900947576522827
1.5526013597488404
1.814401664161682
1.6019606412887573
1.6325085817337037
2.168168688392639
1.6519728540420533
1.643391184616089
1.741384553527832
1.54808415184021
1.7666303941726684
1.6800148057937623
1.9130153707504272
1.5668645964622498
1.5282755489349364
1.7374356498718262
1.5248157672882081
2.170415844917297
2.1778814603805543
1.7858652292251587
1.8633851804733277
1.7315774543762208
1.9190276508331299
1.702104803466797
2.0297293067932127
2.109247821807861
1.561863574886322
1.805535320854187
1.6129420869827271
1.882188617324829
1.7560951347351075
1.7199430849075317
1.7491582990646362
1.7499930532455443
1.7017219850540162
1.8165698574066163
2.0840898822784424
1.7198087461471558
1.6551621513366699
1.815271067047119
1.6121168895721436
1.4816966925621033
1.9542835597991943
1.5507849351882934
1.7951354856491089
1.916234483718872
1.9067046003341674
1.6288870904922486
1.6592311870574952
1.8671688747406006
1.4892429420471192
1.5126286804199218
1.8432969743728638
1.7122574007034301
1.8473077783584595
1.68248325920105
1.5746608665466308
1.4925902727127076
1.8061141662597657
1.5865770191192627
1.673031710243225
1.7224778972625732
1.6453988651275635
1.6084316749572753
1.6435984090805054
1.5201760299682616
1.5022752305984497
1.583330758857727
1.8915248905181885
1.5835574562072754
1.8518460372924805
1.8873812324523926
1.6901307233810425
2.0348759731292723
2.7848786373138426
1.4723455722808838
1.561490827560425
1.5973905099868775
1.6491093118667604
1.5500171360015869
1.442923317718506
1.5894514602661134
1.5489120203018187
1.7936979505538941
1.9367832845687867
2.0443389041900635
1.9188902397155763
1.8514880416870116
1.6586893251419068
1.5554218391418457
1.5877509984970093
1.5356115089416504
1.7650418544769286
1.6267832317352295
1.6362095069885254
1.568629388999939
1.6226181119918823
1.7359165418624878
2.1831617042541502
1.4983669275283813
1.6552567111968994
1.6331760925292969
1.7306761333465577
2.646795759963989
1.8826153823852538
1.693990390777588
1.5787936279296875
1.5921103206634521
1.497522882270813
1.588055796432495
1.5376941482543944
1.636958052444458
1.719976718711853
1.5714499326705933
1.5602861778259278
1.4974019847869873
2.0531470262527467
1.4795183738708495
2.1938730253219605
1.5213318450927735
1.5055909769058227
1.6979392318725586
1.588902331352234
1.71338605594635
2.1067620874404906
1.4832197370529174
1.6776530866622925
1.6010171493530274
1.9223395414352418
1.5199439661026002
1.515355645942688
1.5937785461425782
1.6037281047821046
1.9156417371749879
1.7727108707427979
1.5462606431007386
1.5876679370880127
1.7053272884368897
1.9302687423706055
1.7972391429901122
1.6350923877716064
1.4403141033172608
1.7568973794937133
1.8823456813812256
1.498864030265808
1.6382542333602905
1.52416245136261
1.6376648099899291
1.8160397113800049
2.1050395778656004
1.7342460201263428
1.8636325031280518
1.6875471548080445
1.8405616725921632
1.7462171983718873
1.8154963989257813
1.5555092123031615
1.8359689769744874
1.6281703588485719
1.6404905691146852
1.6556437259674073
1.4894543420791626
2.062415899467468
1.725941316795349
1.5769965810775757
