92.62
95.14
96.13
96.75
97.1
97.25
97.49
97.61
97.78
98.05
97.98
98.14
98.28
98.35
98.41
98.37
98.5
98.46
98.61
98.54
98.63
98.59
98.69
98.66
98.64
98.68
98.78
98.74
98.74
98.81
98.78
98.82
98.93
98.85
98.89
98.88
98.87
98.87
98.93
98.89
98.94
98.89
98.91
98.83
98.98
98.93
98.88
98.93
98.96
98.98
98.95
99.05
98.98
99.05
99.0
99.01
98.92
98.96
99.07
99.08
99.09
98.99
99.01
99.1
99.06
99.08
99.03
99.16
99.04
98.98
99.04
99.05
99.03
99.05
99.05
99.11
99.11
98.99
99.02
99.06
99.07
99.07
99.09
99.06
99.08
99.06
99.13
99.08
99.07
99.09
99.04
99.14
99.05
99.01
99.15
99.14
99.07
99.04
99.04
99.12
99.12
99.09
99.15
99.12
99.06
99.14
99.12
99.07
99.05
99.04
99.15
99.16
99.1
99.1
99.17
99.06
99.09
99.15
99.07
99.16
99.1
99.1
99.12
99.08
99.13
99.16
99.2
99.17
99.09
99.15
99.16
99.1
99.19
99.09
99.15
99.11
99.08
99.15
99.13
99.12
99.18
99.19
99.13
99.15
99.21
99.12
99.15
99.21
99.14
99.16
99.17
99.16
99.19
99.11
99.17
99.19
99.17
99.17
99.17
99.16
99.21
99.17
99.18
99.14
99.21
99.23
99.21
99.2
99.18
99.16
99.21
99.23
99.25
99.2
99.19
99.16
99.14
99.21
99.18
99.25
99.22
99.17
99.27
99.2
99.23
99.18
99.24
99.2
99.24
99.26
99.25
99.27
99.23
99.24
99.28
99.25
99.23
99.23
99.19
99.17
99.27
99.22
99.2
99.19
99.14
99.25
99.28
99.19
99.22
99.24
99.24
99.23
99.22
99.25
99.18
99.25
99.27
99.28
99.22
99.26
99.24
99.18
99.28
99.2
99.19
99.24
99.25
99.27
99.2
99.21
99.16
99.2
99.23
99.24
99.22
99.2
99.19
99.23
99.21
99.25
99.24
99.28
99.25
99.27
99.27
99.24
99.27
99.22
99.3
99.23
99.24
99.21
99.22
99.26
99.21
99.23
99.21
99.25
99.22
99.25
99.23
99.23
99.23
99.32
99.27
99.23
99.25
99.27
99.2
99.26
99.23
99.22
99.27
99.27
99.22
99.22
99.26
99.24
99.25
99.25
99.22
99.21
99.21
99.27
99.27
99.27
99.25
99.27
99.31
99.22
99.25
99.28
99.27
99.21
99.27
99.2
99.25
99.23
99.21
99.26
