0.28749911396503447
0.164628030949831
0.12359830661863089
0.1057585589684546
0.09128581409156322
0.08598828228786588
0.07712770061269403
0.0703158714927733
0.06536989931426943
0.059868650140054526
0.05951593748740852
0.05621406087167561
0.05416396713200956
0.05215401224624366
0.04832194107570686
0.04906051085703075
0.04732249695621431
0.04725649699764326
0.043388069291878495
0.04366040746662766
0.04195577809019014
0.041366612779116255
0.04126711335091386
0.04223057489872444
0.040186400526273064
0.04024433027649065
0.039121330753015354
0.03725726261266973
0.03754910665601492
0.036472775902505965
0.03675533154482255
0.036778470911690966
0.03555843147645937
0.03510223173514242
0.035942681138694754
0.035667633609636686
0.032607777139171956
0.034099923101160674
0.03387670207857154
0.034749654834065585
0.03252173211863264
0.035236760981124826
0.033033365917555055
0.03530081480094232
0.03361547113499837
0.032633724101888945
0.033416322397976185
0.03260517645785585
0.03204144824846881
0.03210672938791104
0.033583662401040784
0.031209824692097026
0.03226920570267248
0.03101843360272469
0.03252927315998241
0.03192608533089515
0.03163866406450106
0.031248634746923926
0.02990831408568192
0.029564692837459734
0.03020176540624816
0.030530079236096935
0.031869385698717084
0.0305954126237717
0.030401827572501497
0.02930197909348062
0.02995260648484109
0.03015923579293303
0.03056431849282235
0.030441796003538184
0.029301099414995407
0.02974718929331866
0.02994919217224815
0.028908233965805268
0.03082016396750696
0.029147689709893895
0.028795240512379677
0.029674367833556606
0.031088730813810254
0.029129870153521187
0.029672157038981094
0.02869862828232872
0.029615322470759566
0.02980489448796725
0.03009249552205147
0.030521805239917012
0.0280565897249704
0.029322422838176133
0.029375723705376732
0.027965719027028536
0.02992163039400184
0.029148331940796926
0.03027909305680514
0.031143634264355933
0.028485537741758164
0.02911598612414091
0.02991041350379237
0.030968264381214975
0.030558437471068463
0.029570547368651022
0.028152129216853065
0.029570163150009467
0.03030896738691372
0.029620267054226133
0.02981679257392534
0.029637221289309672
0.028008004077730585
0.028278334789018846
0.028935852610095753
0.028303303539950867
0.028591982230494615
0.030026480706428993
0.02912391177582904
0.029558563336206135
0.028228198477532714
0.02868603566300153
0.0283530955497612
0.02687566252537945
0.029286813206887745
0.027460801870937575
0.028693985714489827
0.02800212402357647
0.02847874255891511
0.028335062868628302
0.02865285526093794
0.028539812609914225
0.02880883801136224
0.02789852087387553
0.0281520185989968
0.027062845390688744
0.02691062816857011
0.027753484461123298
0.027829691805127368
0.02801075028475025
0.027018330353112834
0.02855368625595438
0.02827790087379217
0.02849576443672413
0.029600799698509216
0.02822441683168072
0.026917056029727247
0.02702726475028612
0.02767632682221738
0.027673450877919094
0.025214269028382842
0.0277544626677809
0.02759210505996598
0.025964412949291
0.02809186927450792
0.02602194367043121
0.027208293538300496
0.026711978104205628
0.027435801895633632
0.02973940336893065
0.029253653451216086
0.028188052671971674
0.026453358973728608
0.026651778169321187
0.02694187736767417
0.027327696821083373
0.02609944077663895
0.027523885725368746
0.02700937895821735
0.02676515780424015
0.027168730381586282
0.026604474181720433
0.026389464462046815
0.026425924340351774
0.026021431256036884
0.026451629747185505
0.026536941789904813
0.026187694032172294
0.027309033862509022
0.026387015789935686
0.026240230417155907
0.026254018111153708
0.026998808662850933
0.026893927595977585
0.026214533962458517
0.027737592327919263
0.027401001384118353
0.027045468420043472
0.02613643883716868
0.027005810506151466
0.02759846938110568
0.025977278126645253
0.024493121877979137
0.027126970785763843
0.025229137822928897
0.025415005380064394
0.025183434593532002
0.024264364737346476
0.024666740960145397
0.02475589508461853
0.024641321822293685
0.02571135561184783
0.026751761317998172
0.02610160816877469
0.02604354389789223
0.024901843401135555
0.02429437968068014
0.026203608607679053
0.02544756385885048
0.02569227675689908
0.025877793363649836
0.02581106007187409
0.024612196811783723
0.025124771854503344
0.025214737936387246
0.024897527721963707
0.025023186210299173
0.024707589242387622
0.025591234356353017
0.025023599447747985
0.02721847558667323
0.024922896226393276
0.024469592432780338
0.02468145363929143
0.025706741439468897
0.02640315588407211
0.026636931119800283
0.026953460762139003
0.02685084432406147
0.025474154257664486
0.02580966082148916
0.024892372682891437
0.025426783584043006
0.025690435878631252
0.026472299566946095
0.024826052869771957
0.025689471583519117
0.025733334966142867
0.025446957182665937
0.02646594503066808
0.027738656794656345
0.02582441479746485
0.026001163595195977
0.026217213297272973
0.02616574660061706
0.028113007586149614
0.02646928211307022
0.02510561920653272
0.026195099467043473
0.025677108446555214
0.0258713617948084
0.026098649806156754
0.026052302689150382
0.026192293879052884
0.02525284734432789
0.025864396712418965
0.026329972380540495
0.026633400691978386
0.027561285278391006
0.02776683437659558
0.027007516009760365
0.026381743874684616
0.025345620739167497
0.026731792804542784
0.0269373607890564
0.02647129053370736
0.026168070845056353
0.02545885518605355
0.025058147476435262
0.0246040654901517
0.027022472153632408
0.02614117248859766
0.025576810619567188
0.0250618808526051
0.026020022609623265
0.026175652983772307
0.026384660927870573
0.025230927556956887
0.025707967872706284
0.02616900128074667
0.026958699288336357
0.02598053618718477
0.026457806568095838
0.026119269763410558
0.025820101552407142
0.02695035780193939
0.02722409799700581
0.02675440837030328
0.025382832110341407
0.026715422734353705
0.02648126395644904
0.025729257809774208
0.026440336590704827
0.026188149531923045
0.025704046297314927
0.026243407447494246
0.025168939610335655
0.025041962339736348
0.026041450752491802
0.02692416492473567
0.02734796197070318
0.026548549802753042
0.026924136564199397
0.027216747309365748
0.02644026325446357
0.025360797989841376
