9.62
10.92
10.39
12.96
12.14
12.14
9.89
11.76
11.49
12.46
10.91
9.97
12.8
10.32
9.97
11.15
11.16
10.0
10.0
10.0
10.0
10.0
12.68
11.46
10.05
11.68
10.0
10.0
10.04
11.67
10.29
11.54
10.96
10.0
10.0
12.1
13.64
11.11
14.51
12.87
10.0
13.76
13.32
16.82
14.57
10.0
10.0
17.25
16.3
13.02
13.46
17.33
10.9
18.18
17.14
21.08
17.39
14.64
17.01
17.73
15.28
20.95
15.67
15.61
18.07
19.53
18.58
18.17
18.34
15.87
21.69
17.4
13.48
18.86
22.25
16.46
24.47
16.85
20.34
19.36
17.91
21.97
23.81
20.1
15.06
20.33
18.88
16.12
19.47
20.49
20.99
19.28
13.57
13.71
17.32
23.94
20.47
20.62
17.23
24.44
15.11
15.81
15.78
23.53
16.7
16.01
24.7
17.05
27.73
19.85
19.41
19.31
29.6
18.96
21.47
11.92
21.9
18.03
19.89
23.62
16.59
21.92
11.53
21.54
17.44
17.34
24.66
19.2
24.93
23.08
16.05
21.89
19.66
26.3
24.08
29.75
22.63
20.39
24.08
25.73
24.38
22.84
23.48
28.06
25.07
19.39
17.78
25.74
26.51
26.21
20.24
21.21
25.76
24.35
24.75
23.52
17.18
19.2
26.48
26.33
26.48
21.01
31.43
22.47
19.9
21.27
21.01
22.2
19.72
31.51
23.1
22.89
28.42
23.92
23.11
22.71
30.71
22.11
23.83
21.81
31.11
19.58
27.65
21.91
17.07
29.43
28.31
22.68
26.64
26.96
30.57
28.63
23.73
26.54
27.69
31.51
27.46
23.04
25.58
30.19
25.58
20.13
31.42
28.91
20.76
31.46
26.36
20.78
20.89
33.74
31.04
29.79
31.27
27.96
32.6
21.09
29.89
26.35
27.41
34.93
27.34
33.62
22.38
34.96
34.91
30.44
28.58
24.35
27.3
28.48
29.89
25.61
34.8
24.84
34.05
23.07
21.39
31.47
33.28
28.28
27.96
21.47
28.93
26.98
34.54
33.49
33.61
20.76
29.75
32.33
33.31
26.23
30.4
28.36
32.32
32.35
30.14
25.3
33.78
27.53
27.8
34.36
29.86
25.74
25.29
34.35
37.24
34.5
28.84
29.81
31.84
35.46
24.15
30.97
38.12
35.79
24.13
35.86
31.48
30.95
14.16
32.99
31.23
30.89
32.18
32.05
33.02
32.88
30.73
33.25
35.01
25.47
30.83
25.78
28.22
33.97
36.05
29.52
22.01
36.46
