11.77
10.38
20.57
16.59
17.65
22.59
20.5
25.17
26.53
26.31
19.31
22.47
17.95
22.76
30.31
26.48
26.52
31.88
27.31
27.18
23.93
32.61
30.31
31.87
34.35
41.42
30.09
30.49
27.46
40.6
31.59
40.49
43.0
40.69
42.49
40.56
44.53
37.41
41.46
44.28
26.27
44.31
40.6
46.97
35.85
40.43
39.71
42.7
39.61
44.69
41.95
42.32
46.31
42.44
39.5
47.15
43.82
42.0
45.91
37.89
43.87
43.88
39.24
45.92
42.48
47.61
41.97
44.44
48.52
39.77
44.68
40.03
44.88
40.43
46.77
46.21
41.44
42.4
44.37
40.41
42.0
41.26
43.92
36.38
47.98
45.96
44.32
41.46
44.52
47.76
48.23
41.03
50.47
46.63
46.7
46.34
40.27
47.22
49.85
47.04
46.82
45.93
45.75
48.57
42.72
46.28
46.78
39.01
45.41
44.17
42.41
42.59
43.57
49.34
50.0
48.08
43.68
40.2
46.81
43.13
44.22
47.57
42.84
46.93
45.72
38.81
48.04
47.57
43.73
48.64
45.03
49.69
46.38
47.37
48.77
41.77
47.42
47.53
47.39
46.05
49.16
49.62
49.46
46.43
43.77
49.42
45.88
44.56
49.21
47.23
48.78
50.78
46.04
44.73
48.91
48.45
50.55
48.64
46.49
42.48
49.43
46.69
48.51
44.02
48.76
49.15
50.51
43.5
47.62
50.51
48.13
47.65
47.09
47.62
45.27
46.06
48.73
46.66
42.51
41.08
46.4
48.8
47.64
44.66
47.83
48.02
48.99
50.35
50.65
47.22
44.08
45.36
47.45
42.61
49.42
45.43
48.94
45.05
43.03
49.12
46.67
48.33
45.53
50.62
48.45
47.45
49.78
49.0
50.98
46.48
47.11
42.82
45.32
48.9
46.0
38.32
47.16
40.24
47.99
49.58
41.97
49.12
49.44
48.17
48.46
40.41
45.71
48.9
35.51
46.49
49.91
49.27
46.7
45.37
47.05
48.33
47.7
48.77
49.99
48.42
46.59
41.68
43.94
45.28
47.03
46.39
46.43
47.9
50.95
48.04
44.39
49.2
49.51
47.08
48.85
47.56
44.06
49.7
48.54
48.65
48.29
49.9
46.77
51.99
50.41
50.44
49.12
46.72
48.41
51.07
51.33
48.52
44.96
50.18
47.35
50.76
47.61
47.74
47.08
50.83
48.17
42.66
47.34
44.76
47.26
49.98
48.17
50.84
51.32
47.33
49.92
49.24
50.66
48.77
49.48
50.56
49.91
48.96
43.94
45.89
