2.389096220397949
2.579821430206299
2.4246623260498046
2.274154751968384
2.2836369178771974
2.2692826625823974
2.2631816722869873
1.9235113292694093
1.9681080963134765
2.0706045455932616
2.2330425086975096
2.5307205738067626
2.580230755996704
2.197196029281616
1.809347039413452
2.031009320831299
1.9632838104248047
1.8279645257949828
2.1317104965209963
2.4414507667541505
2.504073295211792
1.8984014221191405
2.1021297449111938
1.9772310974121095
1.807447244644165
1.6550581239700317
2.151343631362915
1.9790733655929564
2.0962765777587893
1.7081595384597779
2.0934466747283937
1.7231651729583741
1.6481099294662476
1.6779467239379884
1.6441998422622681
1.7371624389648437
1.7796754892349242
1.8598270725250243
1.7800969284057617
1.6412685577392578
2.663884816360474
1.6126812301635742
1.9179613706588745
1.5599434091567994
2.2474617965698243
1.8099513496398927
1.983869041633606
1.8692002597808839
2.0243529514312746
1.6720625255584718
1.8722662036895752
1.951210729598999
1.7208029582977296
1.918930702972412
1.9388642364501953
1.7576456523895263
1.946562885284424
1.9346211387634278
1.6861764884948731
2.139412949371338
1.7376080451965332
1.8780563354492188
2.1942049865722657
1.7916815868377685
2.0788661739349363
1.6762260704040528
2.0050364627838135
1.87095393409729
1.698824282836914
2.2692486667633056
1.8377288612365723
2.2478932773590086
1.7812389965057374
2.0936709140777587
1.6760220064163207
1.8042143299102784
2.1595486186981203
1.9429553379058837
1.9421057823181151
2.3039732959747314
2.1709225505828855
2.0814987873077393
1.911677922821045
2.522117155838013
1.6994272331237792
1.9996220165252685
1.9596796447753906
2.2395543483734133
1.9947958347320556
1.7346942417144775
1.7714665321350098
2.427572172164917
1.6828037841796875
1.9391536094665527
1.9731068965911864
1.8590841255187989
2.286085091781616
1.809882243347168
1.6730099712371826
1.8119124713897705
1.8460952232360839
1.9266145942687989
1.8433183250427245
1.751264204788208
2.185393453979492
1.9298039604187012
1.881519208908081
2.3965215236663817
1.9341935558319092
2.230505459976196
2.1814074714660645
2.0866423755645753
2.122417232131958
1.7175768394470214
1.6993715602874755
1.8638776870727538
2.154211418914795
2.4964711975097655
1.8568645919799804
2.24938006439209
2.198276538848877
1.9021099132537842
2.4191251655578614
1.9556851402282716
2.08155009765625
2.5417305950164795
1.7607322132110597
1.9465381168365479
2.281434172821045
1.7802611850738526
2.270097345352173
1.8378840892791748
2.249459398651123
1.943532487487793
1.875418254470825
2.3851761699676515
1.9113493083953856
1.9572794017791748
1.9724291633605957
2.0315335453033447
1.875430513381958
1.8169765933990478
1.784727550125122
1.9637566371917725
2.582171925354004
1.783506752204895
2.1148097679138185
2.193064994430542
1.8518562927246094
1.9519605327606202
1.9599479652404785
1.7721123403549195
2.0002823654174806
2.1972322761535645
1.8591529190063476
1.9225496780395508
1.8156513484954835
1.8999830226898193
2.023417296218872
2.2145194133758546
1.7800999624252318
2.0335022205352784
1.9433208068847656
2.2013914627075195
1.8320661277770995
1.807288718032837
1.757075442314148
2.423706631088257
1.8746654926300048
1.8228051441192628
1.9144541728973388
2.067776551818848
1.9513070934295653
2.0071323528289793
2.1732039852142333
2.0744329681396483
1.9233200588226318
1.979933408355713
2.451368147277832
2.536120640182495
2.0389754354476928
1.8703428047180175
1.8550873401641845
2.488960905075073
1.9596740322113038
1.928263618850708
1.8668438488006591
1.7976118717193603
1.8077989124298095
2.1544119384765623
2.403773225021362
2.1866537895202636
2.074524192428589
2.2771583324432374
1.8157264850616455
2.1356736812591555
1.8352246967315673
2.2703083736419676
2.3264673709869386
1.8445639026641845
2.0793934425354004
1.94177603225708
2.216308598327637
1.8139352275848388
1.9512428916931153
2.1909953788757326
1.9080015426635741
1.9846580364227295
1.7420587085723878
2.0487588863372803
2.2319648750305174
2.427459264373779
2.289085161972046
1.959590283203125
2.305112627410889
3.2180901741027834
2.165714632797241
2.8803772731781008
2.1885891994476316
1.9145605052947998
2.7393316253662108
2.0646336269378662
1.9399670906066895
2.066516848754883
2.0192228134155275
3.2358782791137695
2.3803494678497312
1.940894808959961
3.5307351459503176
2.1655807346343994
1.9747823959350586
1.9214105266571044
2.0232406520843504
2.2825713821411133
2.112509980392456
2.0631121116638185
2.055540775680542
2.0850764125823975
2.0357976833343505
2.101966722869873
2.301589294052124
2.6354515197753905
2.3799698616027833
2.3172109104156493
2.123944875717163
2.1914690181732177
2.2364618534088136
2.176168667602539
1.8556609203338623
2.0821863754272463
2.4138606800079345
1.9695914710998534
1.9477665397644044
2.126645813369751
2.074870555496216
2.160972272872925
2.516897932434082
2.001679197692871
2.112531561279297
2.018124803161621
2.127306507873535
2.0100155757904052
2.2888267784118654
1.821782332611084
2.056041320037842
1.8645112316131591
2.1281916065216064
2.1566208724975584
2.035156519699097
1.9233725521087646
1.9867701274871825
2.072700162124634
2.4676780670166014
1.9709879314422607
2.092569319152832
1.9600897457122803
2.159130344390869
2.1189008979797364
2.1604452827453615
1.8667015872955321
2.136953316116333
2.7512952507019044
2.2709560985565185
2.618380029296875
2.272580130004883
2.146636480712891
2.2144151649475097
1.9649492225646972
1.9135646263122559
2.285808364868164
2.0576938983917237
2.0661789276123046
1.931886700439453
2.0696115894317626
2.0788266178131103
1.9711337951660157
1.9995518405914308
2.076047339248657
2.539475875854492
2.3645568157196046
