25.34
35.42
65.45
52.54
71.64
72.43
65.8
78.62
85.58
84.64
75.06
90.69
89.68
87.51
80.97
83.77
80.73
81.13
91.12
94.02
85.9
86.15
93.89
94.96
93.98
95.29
91.84
85.83
94.11
93.79
93.4
93.71
93.3
95.16
92.86
94.0
95.08
93.18
93.95
95.15
89.78
94.73
95.95
94.18
94.55
93.7
94.24
94.54
96.46
94.33
92.54
87.25
95.34
93.45
93.0
96.18
95.23
90.0
95.45
92.96
95.63
95.95
95.15
95.78
95.01
96.68
91.86
94.02
94.77
91.01
93.23
95.78
96.82
95.46
97.09
94.96
94.95
95.2
95.21
96.87
96.12
94.23
94.37
92.58
96.28
96.14
95.58
95.79
96.24
94.45
97.56
95.78
96.18
95.25
96.92
96.36
97.58
97.46
96.75
96.34
96.99
97.54
97.36
96.69
97.8
97.49
97.02
97.18
96.78
97.49
97.68
97.28
96.95
98.05
97.19
96.34
97.7
96.87
95.99
95.18
97.28
97.55
96.63
96.67
96.1
96.33
97.83
97.86
96.84
96.3
97.0
97.04
97.19
97.62
97.12
97.08
96.62
96.97
97.67
97.01
98.02
97.01
91.14
96.83
97.14
97.05
97.83
96.93
97.44
97.39
97.08
96.0
97.21
98.12
98.02
97.48
97.12
97.63
97.81
98.05
96.87
97.98
95.57
95.6
98.07
94.81
96.71
97.57
98.02
98.09
98.15
97.22
97.68
97.86
97.23
95.86
98.08
97.77
98.32
98.4
98.22
97.46
97.99
97.98
97.56
96.63
98.18
97.94
97.69
96.82
96.86
98.48
98.13
97.72
98.12
97.58
97.31
97.92
98.19
97.67
96.9
98.28
98.34
98.13
97.73
98.04
97.43
98.02
98.09
97.91
96.8
97.61
98.03
97.69
97.32
98.16
98.24
97.37
97.33
96.95
98.08
98.17
98.41
98.02
98.06
97.92
98.03
97.8
98.23
97.49
98.17
98.07
98.42
98.19
98.15
97.68
98.5
96.01
98.09
97.56
97.46
97.86
97.32
97.83
97.5
97.07
97.96
97.15
97.6
97.29
97.42
98.11
98.15
97.11
98.38
97.84
97.88
97.28
97.94
97.59
98.37
97.16
98.06
96.18
98.02
98.28
98.27
97.75
98.44
96.37
97.14
98.14
97.75
97.61
97.87
97.88
97.15
97.84
98.11
98.38
97.98
98.26
98.21
98.07
97.99
98.02
97.74
97.51
98.48
97.93
98.43
98.59
98.1
98.37
98.19
96.92
98.33
98.32
98.46
97.46
