2.4604461364746095
2.067640634918213
1.0661172171592712
1.3828529249191284
0.9684192909240723
0.8220168293952942
0.905867223072052
0.5835929928779602
0.43107141964435575
0.4801481220006943
0.6622998798847198
0.32763658859729766
0.32266891483068466
0.37769172704219817
0.5613182877540588
0.41719463067054746
0.5113667113542557
0.5060554782867431
0.28090960105657575
0.20340389189720154
0.37818774371147157
0.38293679697513583
0.20161544885635377
0.1786793520092964
0.196399925711751
0.16030563033819198
0.22776965436935426
0.3658669140815735
0.1827633187830448
0.19458103131651877
0.19249075841903687
0.1874949929356575
0.18523303216695786
0.16061996924877167
0.2152825248837471
0.18827287472188473
0.16580139932185411
0.19620828554183245
0.1831755157530308
0.14413792740106582
0.2634519950568676
0.1573695560336113
0.12575095302239062
0.19073027856349944
0.17185014017373323
0.17716003247350454
0.15385538668632506
0.15233031136989594
0.11172627503871918
0.16279334548115731
0.21442460784316064
0.3792259182929993
0.13811362818181513
0.17405442200899124
0.18153068521618843
0.1220504024259746
0.14012190594673157
0.23612885818481447
0.1376193161725998
0.2059334068417549
0.13135669839382172
0.1237099271159619
0.13480340361595153
0.1315772866562009
0.16408798535242677
0.10628143958002328
0.21770408077239992
0.17480470825135708
0.16050050870776175
0.26502505393624304
0.21216605927944182
0.13389241789877415
0.0981744740087539
0.12725042170509696
0.09076869317665696
0.1444777874082327
0.14288456809297204
0.14635847075283528
0.1520960343629122
0.09485682838372886
0.11623144112825394
0.1656042694091797
0.16043619986772537
0.20770741851329805
0.11516802753843366
0.11234518742859363
0.13605831307917834
0.11925832839161157
0.11232177042178809
0.15365337510854005
0.07527616825290025
0.12056503892503678
0.11691942016929388
0.13788659769892692
0.09592181616276503
0.10785302574038505
0.07120875325202942
0.07670931496620179
0.10052403594963252
0.1127186885535717
0.08903447609841823
0.07445234570652247
0.07759180707223713
0.09907271397560835
0.06793983857110143
0.07390717716161162
0.09563375136107206
0.08612939587570727
0.0967727896541357
0.07787756404578686
0.0719430489756167
0.08236047870218755
0.08657065355628729
0.06043342442326248
0.0936759358510375
0.11785077245831489
0.07039489774852992
0.09674232998490334
0.11903252176046371
0.1421243813306093
0.07772194422800094
0.07455503569580614
0.10392007406353951
0.09878847754001617
0.11301666983366013
0.10484241555035115
0.06433546650949866
0.06674977780263872
0.09073087529428303
0.10946624437645078
0.09093788768053054
0.08468946655765176
0.08116443949639797
0.07048738364875316
0.08150076643452048
0.0874293526493013
0.10409120206385851
0.09678168102353811
0.07137090608999133
0.08876398714631796
0.0630114355802536
0.087668401478976
0.2582877887845039
0.09709735840279608
0.08775669217091053
0.0890533433984965
0.0652473808441311
0.09436689671948552
0.0729791276011616
0.08112208046764136
0.08334785306043922
0.1152749146580696
0.0814619916299358
0.05368212393335998
0.056640309254731985
0.07330291114933789
0.0841634569503367
0.07350199051201343
0.06409279120825231
0.06090023166835308
0.08686220401749015
0.06187715334137902
0.12543492831289768
0.12817948045134545
0.06145064026862383
0.1468666864335537
0.09753057194910944
0.07406521280109882
0.05808482067231089
0.06123588006645441
0.05526470221839845
0.07769409868977964
0.06911912735383957
0.0701304421780631
0.09022811333239078
0.12383536661937833
0.05783787936195731
0.06743006238080561
0.05263997346544638
0.049152583575062456
0.049464633148908616
0.07536389949247241
0.060608876421302554
0.06533765336684882
0.07310110689625143
0.09702967981994153
0.060089447830151764
0.06369224827997387
0.07119860188141465
0.09610123381316661
0.0912279280975461
0.04724634056454524
0.05741766121294349
0.06806335249096156
0.06096480037383735
0.07449453185498714
0.07853831118643284
0.06278469917904586
0.05409856232162565
0.07058777748644351
0.08700902681276203
0.048740485595539215
0.049352169393375514
0.05722123855371028
0.06730718848770484
0.06135003816895187
0.08071954278051853
0.05945261888802052
0.06204675818695687
0.06297834017984569
0.09196487508714199
0.06833125986158847
0.06161804505195469
0.06882084707692265
0.08310686876326799
0.05300302326567471
0.05141385832168162
0.08062110933624209
0.08161087170392275
0.08899543229714035
0.05862299170121551
0.05414197306223214
0.04827781023569405
0.05887571494728327
0.05912263774089515
0.061098578964918854
0.06347100828588009
0.06963790563233196
0.05755112717654556
0.07284985697567463
0.055858814413100484
0.05831454689651728
0.046328433744981884
0.05366622365564108
0.054958584678173064
0.07060607507824898
0.04599686130899936
0.12422020830959081
0.05691324226502329
0.07123460136577486
0.07327041033506393
0.06431563677638769
0.07836700846478344
0.06653215348422527
0.07285958739072085
0.0882937734991312
0.06411665222737938
0.08315161255896092
0.07273758450374007
0.08247303231656551
0.07667949009686709
0.05875170928416774
0.05294747676867992
0.08560054025053979
0.050686845352500676
0.0636261600829661
0.06533914320748299
0.07969182949736714
0.06201393307372928
0.07002460073884577
0.04849311776794493
0.08157138692326844
0.0574158382397145
0.12660090295039117
0.059756125549227
0.0566383393375203
0.04913278296068311
0.06774772986788302
0.049937425787188114
0.10709135624468327
0.08327298008799552
0.05835602346807718
0.06960375413298607
0.06815129092410206
0.06352687604725361
0.06373382181301714
0.0860052677154541
0.06430610067732632
0.06169854801092297
0.051185398813337085
0.059378152961283924
0.0593317069562152
0.056330659852316604
0.05761782181859017
0.06364273097999394
0.06316815495956689
0.06818487790655345
0.08027101963087917
0.047093684105947616
0.06047764524891973
0.04852933044284582
0.044082584670744836
0.05681459722444415
0.046446204766258596
0.05560530154202133
0.09269991544522345
0.04834687899332493
0.05120814979746938
0.04622628603577614
0.07483891763612628
