9.99
9.98
10.97
11.55
14.21
13.06
15.89
18.81
19.4
20.81
21.64
22.85
22.86
24.05
26.21
26.39
25.41
26.61
27.33
26.49
27.99
29.16
28.45
29.92
29.37
30.26
31.08
32.15
32.66
32.73
33.34
33.58
33.84
34.84
34.87
34.93
36.47
37.0
37.37
38.18
38.67
38.5
39.41
39.98
40.35
40.57
41.82
41.55
42.14
42.55
43.13
43.07
43.18
44.23
44.67
44.91
44.91
44.65
45.7
45.69
45.74
45.96
45.74
45.97
46.59
46.79
46.6
46.91
47.3
47.47
47.68
48.48
48.2
48.35
48.28
48.22
48.63
48.6
48.79
49.19
49.05
48.87
49.4
50.17
49.95
50.19
50.44
50.52
50.94
50.68
50.01
50.61
50.82
51.38
51.08
51.56
51.86
51.64
52.01
51.97
52.21
51.94
51.82
52.5
52.19
52.18
52.27
52.29
52.61
52.68
52.68
52.74
53.03
53.51
52.94
53.31
53.19
53.05
53.52
53.81
53.1
53.99
53.35
53.88
54.11
54.13
54.22
54.67
54.47
54.72
54.69
54.83
55.06
55.42
55.04
55.03
54.7
54.57
55.18
55.43
55.7
55.91
55.43
55.5
55.19
55.42
55.96
55.62
55.88
56.04
55.92
55.87
56.23
56.0
55.87
56.01
55.9
56.16
56.13
56.64
56.32
56.5
56.29
56.82
56.72
56.82
56.54
57.03
56.61
57.06
56.49
57.1
57.24
57.58
57.33
57.31
57.04
57.21
57.51
57.32
57.69
57.06
57.56
57.81
57.63
57.96
57.69
58.14
57.56
58.12
57.76
58.29
57.94
58.17
57.51
58.07
58.02
58.23
58.64
58.05
58.5
58.43
58.35
58.26
58.48
58.2
58.68
58.92
58.6
59.03
58.9
59.08
59.21
59.1
59.13
58.65
59.18
59.14
59.0
59.26
59.31
59.24
59.48
59.13
59.41
59.37
59.81
59.26
59.62
59.58
59.36
59.52
59.3
59.35
59.31
59.57
59.67
59.71
60.12
59.92
59.76
59.59
60.06
60.08
60.04
59.67
60.13
60.06
59.81
60.44
60.51
59.87
59.83
60.3
59.79
60.44
60.19
59.95
60.35
60.36
60.6
60.24
60.53
60.58
60.56
60.58
60.58
60.44
60.74
60.7
60.41
60.35
60.72
60.84
60.35
60.42
60.81
60.27
60.26
60.36
60.63
60.57
60.46
60.47
60.81
60.43
60.7
60.55
60.69
61.16
61.14
61.09
61.16
61.01
61.18
60.85
61.09
60.88
60.95
60.99
