2.3034820880889892
2.3016064628601076
2.299550479888916
2.296779592514038
2.292949481201172
2.285898342514038
2.2748269355773925
2.2516179958343505
2.2150441516876223
2.167603269958496
2.1330952058792114
2.1006586275100707
2.075869673919678
2.0594950996398924
2.0393415676116944
2.0238781005859376
2.008046772766113
1.9945290437698364
1.9864030420303345
1.9763912712097167
1.9647058485031128
1.954998024559021
1.9447932678222657
1.9366088220596314
1.9290666591644288
1.911120867729187
1.9009721054077149
1.890140584564209
1.8771292247772218
1.8588949953079223
1.8413242031097412
1.8326258071899415
1.8143608177185058
1.7956218034744262
1.7851673906326293
1.767801188468933
1.7504211345672607
1.7389880954742432
1.7198645776748658
1.7145256015777588
1.697452967262268
1.6796414249420166
1.6614544691085815
1.6576089809417724
1.645533531188965
1.6340774393081665
1.6205829252243042
1.6093240427017212
1.5979344034194947
1.5843135093688965
1.5784564746856689
1.5707415660858155
1.559104037475586
1.5508990942001344
1.5435711513519288
1.5307173566818237
1.5253290489196778
1.5229319877624512
1.5106119356155396
1.5047982624053955
1.4965357704162598
1.4872142511367799
1.499496968650818
1.485524395751953
1.4770515134811402
1.467986155319214
1.4718421405792237
1.4671925807952881
1.4546328550338745
1.4493149694442748
1.4460212522506715
1.4417352546691895
1.4375009883880616
1.4263839895248414
1.438703790473938
1.420966466140747
1.4269144933700562
1.4231882369995117
1.4116534746170044
1.407334052467346
1.4123230398178102
1.4066658706665038
1.4054078777313233
1.3900193613052367
1.396177419281006
1.3925445554733276
1.3889442232131959
1.3825664039611816
1.3716955757141114
1.3752741661071777
1.37389100856781
1.3708249683380127
1.3703524032592773
1.3614516624450683
1.360358723640442
1.3538395969390868
1.3502570133209228
1.3471247119903564
1.3438125326156616
1.3381319868087769
1.3364941268920898
1.3395965385437012
1.3448445966720581
1.3347018068313599
1.3305969055175781
1.3341091648101806
1.3283942993164062
1.3232443916320802
1.3200690532684327
1.3223382286071776
1.3222211011886598
1.3131906595230103
1.3106005126953124
1.3113150089263916
1.3129941577911377
1.2982569137573243
1.3118764348983765
1.3016632001876831
1.2998927366256714
1.302963600730896
1.2943280393600465
1.294769313621521
1.2972032030105591
1.286002417755127
1.2895442068099976
1.2842810781478882
1.2836115852355956
1.2877892065048218
1.279273924446106
1.2691691368103026
1.282680108642578
1.2847092922210694
1.270453362083435
1.267303876876831
1.2664559646606446
1.263216480255127
1.269803151512146
1.2713570137023926
1.261983857345581
1.258011485671997
1.2554122007369994
1.2506225229263306
1.251016725730896
1.248963723373413
1.255243487548828
1.2521109048843384
1.2400528604507446
1.2458427505493164
1.243698397064209
1.2332478647232055
1.232217816734314
1.2390657876968383
1.2282276958465577
1.2327993556976318
1.228966555595398
1.234063997077942
1.2265557989120484
1.2296384294509888
1.2302071983337401
1.216878418159485
1.223527793121338
1.2185381378173827
1.2254159761428833
1.2105011598587037
1.2108998945236207
1.217150029373169
1.2249434604644776
1.2077244665145874
1.2168718496322632
1.2045311405181884
1.2175594806671142
1.2035007890701295
1.204787655067444
1.2050881549835204
1.201506166267395
1.2051894817352296
1.200563272666931
1.2013590162277221
1.1979905029296876
1.1986312692642211
1.190918172454834
1.202452565383911
1.193429132080078
1.1899419471740722
1.198655890083313
1.1874075485229492
1.1894420375823975
1.1830619163513183
1.1889011304855346
1.1866664031982421
1.1819614929199218
1.181430325126648
1.195375145149231
1.1803745645523072
1.182459581565857
1.181709447479248
1.1800068035125733
1.1784562183380127
1.1686334348678589
1.1744513652801514
1.175126308441162
1.1739323644638062
1.173641841316223
1.166855980682373
1.1677535902023315
1.170282266998291
1.1665187200546265
1.1612708482742309
1.1670538856506347
1.1556930925369262
1.1620476921081544
1.1597892511367798
1.158484126663208
1.1583510368347167
1.1591183889389038
1.1563860857009887
1.1531030574798584
1.1556650241851807
1.154642028617859
1.1551271207809448
1.1587099401474
1.156831551361084
1.1496187438964844
1.1548903240203858
1.1474662626266479
1.1529143283843994
1.1446140203475952
1.1495928930282593
1.1494161659240723
1.1445861505508423
1.1490395713806152
1.1460279369354247
1.1444569774627686
1.138900061416626
1.1469877601623535
1.141379334449768
1.1401031352996827
1.1384513442993165
1.1352631593704223
1.138634884262085
1.139791194152832
1.1408466260910035
1.1383820703506469
1.1447811876296996
1.1346512163162232
1.1355897426605224
1.1386353199005126
1.136210807609558
1.1377943153381347
1.1300163230895997
1.1303177669525146
1.1410402593612672
1.1343561832427977
1.1283963960647583
1.1372611778259278
1.1256239374160766
1.124148352241516
1.128725821876526
1.1298510620117188
1.1265937618255615
1.124132678604126
1.1327103885650636
1.1314981300354003
1.1249530054092407
1.1261855224609374
1.1272983797073364
1.129239598464966
1.125111238670349
1.125570046043396
1.1242001766204834
1.1272754020690918
1.128355932044983
1.117806587791443
1.1211125040054322
1.1180697185516357
1.1200073160171509
1.1213890966415405
1.1214562074661254
1.1270963033676147
1.12113722782135
1.1214384479522705
1.1209340045928955
1.1234149991989135
1.117566609954834
1.1200583446502685
1.121177770614624
1.1206295063018799
1.1168274532318114
1.1110567764282226
1.1087040967941284
1.1128384447097779
1.1122391954421997
1.109059391784668
1.1092844699859619
1.1089427207946778
1.108108360671997
1.1098768936157226
1.1083294855117798
1.113463122177124
1.1109225797653197
