10.0
10.06
10.22
11.53
10.5
10.03
12.09
11.91
12.32
11.77
10.61
9.99
10.22
10.0
12.99
10.0
10.01
14.22
10.71
16.27
13.58
10.0
15.29
15.38
15.44
11.89
13.25
10.3
16.21
17.34
12.72
10.39
12.84
13.92
15.73
17.17
10.55
19.53
20.32
15.75
14.26
15.29
10.1
15.44
12.06
18.37
20.21
15.27
21.24
17.31
11.07
19.36
17.57
18.32
18.08
20.42
18.17
13.43
20.48
10.53
17.74
21.46
19.4
14.4
11.58
19.1
22.35
20.71
17.22
21.43
23.13
23.12
20.32
19.36
18.8
11.39
26.11
16.14
17.83
22.08
17.79
14.82
21.3
15.42
24.08
25.29
23.65
19.83
16.54
26.38
21.65
28.07
17.89
20.32
22.33
20.94
21.81
19.2
18.61
15.98
17.8
19.73
24.15
14.96
19.64
20.45
20.48
29.14
26.86
23.86
25.48
27.54
17.89
25.57
24.34
19.2
20.82
21.31
21.45
24.15
24.25
24.29
20.61
27.22
20.51
19.1
23.72
29.97
20.61
27.45
23.18
19.7
21.96
25.87
20.56
25.83
17.83
26.6
18.92
20.69
22.53
25.7
24.56
25.74
23.91
22.65
20.76
27.16
23.61
26.59
19.56
17.97
29.9
30.75
24.65
23.64
22.12
28.24
27.57
23.08
25.46
27.39
18.65
25.35
28.34
15.91
21.15
26.03
26.2
27.2
20.56
20.35
25.07
28.48
32.73
18.01
29.22
28.65
29.71
24.09
28.35
25.32
22.34
21.13
33.95
27.99
31.65
29.67
22.67
28.28
25.32
27.81
29.85
11.56
23.84
25.48
30.45
26.17
27.37
25.65
31.78
29.29
27.58
26.98
28.38
29.52
34.01
24.15
33.46
34.26
32.29
34.76
26.0
24.32
31.58
23.94
28.73
31.73
24.84
21.73
24.15
24.67
32.5
31.2
28.85
27.06
28.64
33.71
26.94
33.82
35.68
34.92
26.64
28.63
23.95
30.77
33.0
34.26
29.93
33.18
37.95
36.91
37.89
32.38
21.85
25.67
26.31
29.57
26.97
37.92
35.69
35.88
37.0
23.52
34.19
28.9
30.56
32.63
35.93
31.65
31.7
35.51
28.55
32.63
36.56
31.93
30.43
35.29
30.69
30.84
35.41
32.93
27.76
34.72
33.89
24.89
33.07
36.77
29.51
28.18
36.48
26.92
28.02
23.52
25.45
29.61
30.27
31.24
35.62
39.65
30.93
34.69
23.51
28.46
39.63
29.2
33.21
35.65
30.87
36.65
