2.3043800750732424
2.3035120010375976
2.3024268997192383
2.30121601524353
2.3000014083862306
2.2983199249267576
2.2961855167388916
2.2930805694580076
2.2884579875946045
2.280325857925415
2.2646032444000244
2.2336103103637694
2.1995170196533205
2.1568312496185302
2.1139804958343507
2.0756032262802124
2.0495612539291383
2.0288190475463868
2.011272152519226
1.996494997215271
1.9806004236221313
1.9620134294509888
1.9438348098754883
1.9160124647140504
1.885436008644104
1.8504631240844727
1.8217003837585448
1.7955739345550537
1.7712992155075074
1.752512403678894
1.731203946876526
1.7093762727737427
1.6875093719482421
1.6692819919586181
1.6486311965942382
1.6324855390548707
1.6166353050231934
1.6026915256500245
1.5902613109588624
1.5729458436965942
1.5625912834167481
1.5500358388900757
1.557344718170166
1.5342297075271607
1.5264319305419922
1.5170841739654541
1.5047935359954834
1.5018830657958984
1.4953716470718383
1.4798483604431152
1.4756125478744506
1.471332502937317
1.4647671113967895
1.4511393356323241
1.4466126836776734
1.441555083847046
1.4391685375213623
1.4286871578216553
1.4238171804428101
1.4212198587417602
1.415845605278015
1.408035179901123
1.407028197669983
1.4016958127975463
1.4082748376846312
1.39589451713562
1.3969190505981446
1.386806311225891
1.3800659238815307
1.3755687767028808
1.3745816732406617
1.3660286701202393
1.3661296703338623
1.3649526319503784
1.358941534614563
1.3665778059005738
1.3472756217956543
1.3500191221237183
1.3599457597732545
1.3642083763122559
1.353554940223694
1.354859446334839
1.3547296333312988
1.3544783590316773
1.3472132532119752
1.3482839538574218
1.3521824338912964
1.3440748752593994
1.3450376028060913
1.3380174060821532
1.366407833480835
1.3453592601776123
1.3490190343856812
1.3521415990829468
1.35664725856781
1.3466175561904907
1.3699418800354004
1.3484865571975708
1.3582449644088745
1.3479568906784059
1.3552768451690673
1.3703001844406129
1.3628304389953614
1.3539728837966918
1.360386494064331
1.3486233209609986
1.3611661354064941
1.3626211074829102
1.3637106916427613
1.368947487449646
1.3740991817474366
1.3764851640701294
1.3853186624526979
1.3763573036193848
1.3856284051895142
1.3803101295471192
1.3828038900375366
1.3912765228271484
1.3872937252044677
1.4036165365219115
1.4099801774978638
1.4075378910064698
1.4117530658721924
1.410305672645569
1.4251495548248292
1.407679541015625
1.42801589679718
1.4140226730346679
1.4149900438308716
1.4297554782867432
1.4498599559783936
1.445110464668274
1.4592067247390748
1.4551537925720215
1.4746476209640502
1.4704271827697755
1.4827301908493042
1.4572731868743896
1.457679674911499
1.4743638202667235
1.494736417579651
1.482869084739685
1.463744701194763
1.4790978233337402
1.4648050510406494
1.493658871269226
1.490829753112793
1.509284471321106
1.5062848743438721
1.4797463623046876
1.5018899433135986
1.4797531290054322
1.5240415517807007
1.5171648321151734
1.493909754371643
1.5046618190765382
1.5219921236038207
1.546494825744629
1.5463915782928466
1.5136675176620484
1.5448996908187866
1.5179361553192139
1.5293248294830322
1.5314050483703614
1.530134387588501
1.5339762725830077
1.542352551651001
1.5762061710357667
1.5387280345916747
1.553522490310669
1.548156873703003
1.5677039253234863
1.548798711013794
1.5504323066711425
1.5381051986694336
1.5704359699249268
1.563296936416626
1.5814166191101073
1.5826651767730713
1.582361922454834
1.5819385257720948
1.5614281005859374
1.5861162315368653
1.5568184219360353
1.5694493015289306
1.5759399169921875
1.5520634983062744
1.5960248947143554
1.5771223358154296
1.5761709106445312
1.595454736328125
1.6010488224029542
1.5776528881072998
1.591703113555908
1.6176915088653565
1.6002798679351806
1.602653164291382
1.596461602783203
1.5752266338348389
1.615530087661743
1.6181675174713135
1.6220250785827637
1.5828385089874268
1.6078805236816407
1.5864918605804443
1.594907218170166
1.6119787231445313
1.6109542770385743
1.6040190013885498
1.6071270931243897
1.6044980644226075
1.599777041244507
1.6159553985595703
1.635038822555542
1.6246658836364747
1.6196848350524902
1.616711124420166
1.6133397190093994
1.6193540489196778
1.6228346904754638
1.6226561882019044
1.6233152988433839
1.6633063137054442
1.651610125350952
1.6518587783813476
1.6510366352081298
1.627307305908203
1.6432880481719971
1.62561739692688
1.6492938663482666
1.6384981437683106
1.6563940662384034
1.6383860576629639
1.6423069942474364
1.6302014137268066
1.652192915725708
1.6582907444000243
1.6353321716308593
1.6738946311950684
1.62492013130188
1.6438264316558837
1.6321160629272462
1.645914496231079
1.6690249519348144
1.6344091468811035
1.655197403717041
1.6538294631958008
1.6593467544555665
1.6338230514526366
1.6536417728424073
1.6594482715606689
1.6737105041503906
1.6683471153259277
1.674674489593506
1.6540901435852051
1.657510383605957
1.662205553817749
1.6613003807067872
1.6745767692565918
1.6842121253967286
1.6934226428985595
1.6719764255523681
1.6880844223022462
1.6914447193145752
1.682924813079834
1.667016072845459
1.6756511405944825
1.6673697666168212
1.6697542301177979
1.6711523365020753
1.7100565673828125
1.7018705753326415
1.6887477634429933
1.6424772521972657
1.697793839263916
1.6837843368530274
1.667294037246704
1.6676964031219483
1.671465690612793
1.6659286113739014
1.6901045055389405
1.6672231628417968
1.6933683311462402
1.6548969635009765
1.668814450454712
1.6732274196624757
1.6984598129272461
1.7050957679748535
1.71456124458313
1.6945195037841796
1.6981849658966064
1.6800571208953858
1.717027536010742
1.683483777999878
1.6876109867095948
1.7123002422332763
1.708939831161499
1.696272227859497
1.7157298225402833
1.7037584686279297
