10.31
10.45
13.44
16.86
18.71
19.55
20.23
21.26
25.33
28.31
34.03
46.01
58.77
66.48
73.9
78.95
83.04
84.25
85.88
85.08
86.8
87.7
87.37
88.77
89.27
89.04
89.54
90.05
90.3
90.74
90.82
90.89
91.28
91.37
91.81
91.71
92.1
92.46
92.42
92.48
92.78
92.6
92.89
92.96
93.29
93.37
93.49
93.7
93.67
93.92
93.8
93.94
94.21
94.16
94.37
94.44
94.44
94.32
94.66
94.69
94.66
94.78
94.95
95.03
95.0
95.14
95.04
95.24
95.24
95.39
95.38
95.55
95.65
95.37
95.67
95.68
95.77
95.88
95.85
95.8
95.88
95.99
96.1
95.93
95.96
96.09
96.13
96.25
96.23
96.28
96.21
96.21
96.55
96.34
96.39
96.36
96.37
96.48
96.48
96.3
96.51
96.4
96.53
96.53
96.56
96.66
96.34
96.62
96.69
96.68
96.76
96.67
96.62
96.66
96.75
96.82
96.81
96.78
96.82
96.86
96.83
96.88
96.91
96.9
96.91
96.87
96.87
97.15
97.0
96.99
96.96
96.98
97.04
96.96
97.1
97.16
97.07
97.08
97.05
97.13
97.13
97.12
97.17
97.18
97.18
97.22
97.04
97.25
97.06
97.28
97.24
97.25
97.17
97.39
97.29
97.22
97.36
97.27
97.26
97.42
97.24
97.47
97.35
97.46
97.4
97.47
97.44
97.4
97.53
97.49
97.35
97.45
97.5
97.39
97.5
97.46
97.37
97.53
97.54
97.44
97.53
97.57
97.56
97.55
97.61
97.56
97.51
97.69
97.61
97.54
97.54
97.66
97.55
97.6
97.46
97.6
97.58
97.56
97.58
97.61
97.6
97.67
97.59
97.67
97.66
97.55
97.76
97.66
97.67
97.67
97.69
97.62
97.68
97.65
97.81
97.74
97.77
97.72
97.78
97.71
97.76
97.74
97.86
97.81
97.79
97.71
97.75
97.82
97.86
97.75
97.73
97.82
97.7
97.82
97.84
97.79
97.78
97.86
97.89
97.78
97.83
97.91
97.8
97.82
97.79
97.86
97.81
97.89
97.85
97.94
97.95
97.94
97.97
97.99
97.98
97.96
97.92
97.98
97.95
97.95
97.85
97.91
97.88
97.94
97.98
97.94
98.0
97.9
97.95
97.98
98.03
97.94
98.05
98.01
97.94
97.96
97.99
98.0
97.96
98.09
98.05
98.01
97.99
98.07
98.0
98.09
98.01
98.04
98.06
98.11
98.11
98.12
98.13
98.07
98.07
98.12
98.02
98.09
98.13
98.09
