2.2986776653289795
2.2923593647003173
2.2858392158508303
2.278434101867676
2.2699100021362306
2.259746529006958
2.24643450050354
2.228530498123169
2.203583324432373
2.166404086303711
2.1091549381256103
2.017415669631958
1.8636000070571899
1.6178979152679442
1.2872325073242188
0.9738722922325135
0.765446021938324
0.647210027885437
0.5679620753765107
0.5326599814891815
0.48535078444480895
0.45346570138931275
0.44345766978263856
0.40293318598270417
0.3881743716716766
0.38053052349090577
0.3594646556615829
0.34573198132514954
0.33653826603889464
0.3232232192993164
0.31443276698589323
0.31060816757678983
0.2975623097777367
0.2970915370464325
0.2802804218769073
0.2805165165424347
0.27058672568798064
0.2603774892807007
0.25519205210208895
0.2522050083398819
0.24692509224414824
0.24770106751918794
0.23627043766975403
0.23571767674684524
0.22638056892156602
0.22411031728982925
0.21471558448076247
0.21095100195407868
0.21084899559020995
0.20515080182552337
0.20341529940366745
0.1998525990486145
0.1945872095286846
0.1933475210249424
0.1887526651263237
0.18463339289426803
0.182078586602211
0.18335045566558839
0.17836243582367897
0.17613043248653412
0.17403505069613456
0.16885597938895225
0.16659255651831628
0.16409178217053413
0.16503455645442008
0.15926391231417655
0.16135419510900975
0.15516357064247133
0.15581721921265126
0.1537025290310383
0.15638185944855212
0.1493578596562147
0.14556828479468822
0.14924770765602588
0.14282527581751348
0.1420129787802696
0.13931802489459513
0.1390377047240734
0.13608230245411396
0.13787737212777137
0.1336755168914795
0.13341967320740222
0.13224583506584167
0.13070059905648232
0.13087361873239278
0.12884617794156075
0.12638752108812332
0.12655915133953094
0.12475929724276066
0.12371812195032834
0.12341484107077122
0.12262180004417897
0.11953741950690747
0.11823112436830997
0.11747417325228453
0.11737297050952912
0.11545592574179173
0.11524411377161742
0.11478338072299957
0.1130811414167285
0.1131627066463232
0.11481159715056419
0.11196851212978363
0.1096774035796523
0.11049386103153229
0.10747516702264548
0.10952262174487114
0.10572433010786772
0.10521928027272225
0.1045549515247345
0.10324864277243614
0.10410156030505896
0.10307811833322048
0.10469726262092591
0.1034521058768034
0.10126222707480192
0.10120923805236816
0.09901187652498483
0.09829290252178907
0.0988389294281602
0.097748449832201
0.09740296211540699
0.09617910695970058
0.09622924405783415
0.09824846420586109
0.09633068166673184
0.09506390732228756
0.09138102120757104
0.09342817917764187
0.09197767093926668
0.0945666509628296
0.09345617191046476
0.09178308104872704
0.09308725301921368
0.08910234270766378
0.09046381168216466
0.09079335715174675
0.08949032988101244
0.08844531026482583
0.08839189806431531
0.08793184708505869
0.08912283996492625
0.08734450771734119
0.08789422184675932
0.08629608595520258
0.08738868747651576
0.08717481875270605
0.08484907616823911
0.08872776913940907
0.08465485804378986
0.08505473010092973
0.0830213610187173
0.08548205951228738
0.08209352711588144
0.08331940356567502
0.08221337472349405
0.08136493920460343
0.08173451170474291
0.08159001011848449
0.0811304810769856
0.08092999866902828
0.08107116821557284
0.07918891209363937
0.07893980883136392
0.07816907620579004
0.07803916284888983
0.07798310379460453
0.076376001521945
0.0776878441773355
0.07626472211927175
0.07634617640674114
0.07813027966842055
0.0783523597806692
0.07769919204711914
0.07565263031795622
0.0770100580714643
0.0775177600942552
0.07456392938643694
0.07519707712978124
0.07680132463090122
0.07569015494957566
0.07410233796872198
0.07366253291219473
0.0736026018023491
0.07348590482622384
0.07474760791882873
0.07328995073735714
0.0731417795151472
0.0726066575743258
0.07275384384915233
0.07294235229715705
0.07169980106502771
0.0716090135410428
0.07190884939655662
0.07227576506957412
0.07194809191823005
0.07149128949828445
0.07175052859708667
0.06992284094318747
0.07076923816502094
0.0715418329961598
0.07045448665246368
0.07155750078931451
0.06890801264420152
0.0691208532769233
0.07080878450982273
0.06820315020792186
0.07135105558931827
0.06739136347770691
0.06896469235569239
0.06845624431744218
0.06884108625873923
0.06749246013835072
0.06787310622259975
0.06666187025606632
0.06679586139731108
0.06732899884283543
0.06849851651079952
0.06511730375960469
0.06625468511506916
0.06817601494714617
0.06575160905569792
0.06717983163036406
0.0661159060522914
0.0648103140693158
0.06542069218307733
0.06641464904397726
0.06414785973988474
0.06407832668498159
0.06746260189972818
0.0648913482438773
0.06433176919259131
0.06404549955576658
0.06321646744124591
0.06308987953104078
0.06325504460632801
0.06573166124597192
0.062212781281769276
0.061401474814862016
0.06268464883565902
0.06229522092863917
0.06386623299829662
0.06256779509298503
0.06327475569546223
0.06413655758462847
0.06309068459570408
0.06358983722962439
0.06270050242058933
0.0634095102161169
0.061665225859731436
0.06255835154131055
0.061505754177458585
0.06121915675327182
0.060708161988481876
0.060830132972821596
0.05961044945791364
0.0602781984269619
0.060265681986883285
0.05906209734603762
0.05936501988526434
0.0600261614754796
0.06062575453501195
0.06036167110949755
0.05946481709070504
0.059432299134135246
0.05959863979369402
0.0589731758993119
0.061419518134370445
0.06032791161611676
0.06040379033237696
0.05925071080699563
0.06032518243305385
0.05773156580403447
0.058192490065842865
0.058459156806394456
0.058424842319637536
0.0581576984025538
0.05738064385093749
0.059071229403838514
0.05704795351140201
0.05738615742586553
0.0580183174200356
0.058989017195999624
0.05674178622327745
0.05802190379574895
0.05595841528885066
0.05695146481897682
0.05630166566520929
0.05550613266713917
0.05686535435598344
0.05635771409459412
0.05628326934948564
0.05589763574358076
0.05712804242111742
0.05698015589378774
0.055800589968636634
0.058429499840736386
0.05564778943806887
0.05462318814508617
0.05493886267244816
