2.312467790222168
2.4640136669158936
2.499297618865967
2.4501838443756103
2.4370264434814453
2.6458788093566894
2.3119308834075927
2.3680860397338868
2.3154249458312988
2.3752721138000488
2.6257551856994628
2.990422079086304
2.38991671333313
4.003372360992431
2.5442082332611085
2.1614832424163817
2.2463586807250975
2.2075059034347535
2.147621053314209
2.288949519729614
2.1768066749572754
2.1891520473480224
2.1066428422927856
2.2562925830841065
2.4581177856445313
2.245221002960205
2.0449150472640993
1.9282433084487915
2.333592533111572
2.15423321723938
2.603417694091797
2.5804717475891112
2.162357953262329
2.061225130081177
2.0813224063873292
2.052497127532959
2.1408809169769287
1.8416517421722411
1.9359729711532592
2.141496216964722
2.0543373348236083
1.8696163845062257
2.6632835666656494
1.8211343114852905
1.899892988204956
1.868040983390808
1.980218014907837
1.9162890159606933
1.807065168952942
1.9054582878112793
2.331332308959961
1.9816335891723633
2.1498092567443847
1.829965478515625
2.4137207845687865
2.000227815246582
1.9104181449890136
2.0053256168365476
2.006425611114502
2.0164519031524657
2.0759167274475097
1.8076341762542725
1.6803292213439942
1.7642585365295411
1.6321533157348633
1.8649325504302978
2.0956560516357423
2.457820478439331
1.766760838317871
2.228904305267334
1.7737621021270753
1.779020715904236
1.809445308303833
1.8091272310256958
1.7340452884674071
1.9076586505889892
1.7487743598937988
1.5945782207489014
2.0784789413452147
2.100575205230713
1.9980392002105714
1.7915418487548829
1.725891166305542
1.7503207368850708
1.844008137512207
1.8409096031188965
1.739304072380066
1.7698364126205444
1.7431086360931396
1.700128888320923
1.85583533744812
1.885840657043457
1.9164597490310669
1.8324693992614747
1.6362182178497315
1.973521283340454
1.691173561477661
1.5327764127731323
1.658505319404602
1.8510515665054321
1.8563880641937256
1.9268829929351807
1.8645189456939697
1.8578915201187134
1.871621612548828
1.7336870944976808
1.7806789400100709
2.0462681533813476
1.8507283597946167
1.9587333095550536
1.7744524059295654
2.0030376556396483
2.032758463668823
1.7659039016723632
1.6149184558868408
1.5021207015991211
1.548784358406067
1.9222899335861205
1.7687504356384278
1.6005933963775634
1.6200857456207276
1.5608943716049195
1.703858150291443
1.6988723096847533
1.5422559328079224
1.8164085418701172
1.6977150459289552
1.7369885822296143
1.8726719318389893
1.7656729698181153
1.5558933513641358
1.644949083328247
1.7274001815795899
1.7008155059814454
1.602607852935791
1.851071369934082
1.6570266405105591
1.713536576271057
2.165624287033081
2.16945789604187
1.9385377382278441
1.5655052703857422
1.7129120695114135
1.5111768800735474
1.7260165031433106
1.7135444026947022
1.9038176803588867
1.7142068088531495
1.5100515115737916
1.6533410806655884
1.675998325920105
1.8039227582931519
1.7823968690872192
1.5804117956161499
1.445457311630249
1.5413352062225343
1.9015149780273437
1.5877378580093384
1.5696219688415527
1.748639899635315
1.5796836908340455
1.816900489616394
1.7042530199050903
1.4855043272018433
1.4662251550674439
1.7627264892578125
1.5413986785888671
1.5649232753753661
1.7732872709274292
1.9601003509521484
1.91925823097229
1.7228544376373292
1.7688976957321167
1.6247265823364259
1.4193176927566529
1.7310031639099122
2.0443261260986327
1.4221235504150391
1.7732720079421997
1.7665776779174804
1.6827054168701172
1.8843029859542846
2.2259636730194092
1.8335215002059937
1.496301067352295
1.6618672296524049
1.4753024211883545
2.0613562171936035
1.8928941944122315
1.4588147617340088
1.6908307630538941
1.7241170648574828
1.7042727071762085
1.574438486099243
1.7760594842910766
1.93071407661438
1.5592467597961426
1.562216729927063
1.6889172706604003
1.5238139888763427
1.5175730802536012
1.5125981773376465
2.1878373552322388
2.134127166557312
1.957582724571228
1.6177376209259033
1.5534033023834228
1.4744652296066285
1.6334169708251953
1.625673391532898
1.5250683296203613
2.165968330001831
1.5101075895309448
1.4804745580673218
1.6142166828155518
1.6538612630844116
1.7686206245422362
1.7231270963668823
1.6258415632247925
1.6271963638305664
1.6804870878219604
1.5878138704299927
2.088192462158203
1.3860636653900147
1.5700590185165406
1.5947914716720581
1.6190034603118897
1.709635278892517
2.036133260345459
1.4591381811141968
1.523571756362915
1.5694873588562013
1.826765279197693
1.6349851209640502
1.426546406173706
1.9391330345153808
1.5866895008087158
1.9219799516677856
1.9747214931488037
1.7644291980743407
1.8758619611740113
1.4700330049514772
1.8141383855819702
2.0972475757598876
1.640506880378723
1.7827655284881592
1.6567525457382202
1.5747275104522704
1.6226286643981933
1.5463180948257447
1.5862431325912476
1.5559789602279663
1.5508233137130738
1.5689228578567505
1.5589471712112426
1.6864013483047486
1.5366725675582886
1.547813084602356
1.4993840202331543
1.584543936920166
1.755191660308838
1.4629730703353883
1.9351008064270019
1.602753002166748
1.5386903930664062
1.835264091682434
1.5758853302001954
2.0656463647842407
1.6486955293655396
1.4934814670562744
1.5342934984207153
1.5996213651657105
1.774788920211792
1.6364323963165284
1.4553091884613036
1.7797047834396362
1.6014485542297363
1.6136320037841796
1.5141100736618043
2.0417506412506103
1.6999452590942383
2.0485643810272216
1.5692561637878417
1.695355142211914
1.7837644268035888
1.67867670879364
1.6057812950134278
1.8460929483413697
1.7466636404037477
1.765559167289734
1.8432738285064698
1.6277948505401612
1.6221487060546875
1.7742713983535767
2.265650279998779
2.135229364013672
1.5782924858093261
1.781727918434143
1.6529660509109496
1.5965597856521607
