9.95
10.1
10.64
12.16
14.92
15.79
15.06
16.44
17.06
19.19
22.5
24.77
26.05
26.58
27.79
29.29
29.16
30.08
30.79
31.89
32.58
33.65
34.28
35.37
35.99
36.69
37.01
37.77
37.89
38.62
38.64
39.59
39.64
40.12
39.84
40.95
41.09
41.56
41.36
41.54
41.96
42.38
42.65
42.69
42.84
43.35
43.65
43.39
44.54
43.82
44.22
44.83
44.55
44.77
45.27
45.52
45.64
46.06
46.36
46.21
46.41
47.35
47.23
47.01
46.95
47.63
47.85
47.55
48.17
48.42
48.53
48.49
48.42
49.21
49.33
49.2
49.5
49.54
49.36
49.9
50.05
49.83
50.42
50.54
50.34
50.09
50.87
50.58
51.12
51.62
51.37
51.0
52.05
51.84
51.95
51.88
52.06
52.25
52.5
52.53
52.56
52.79
52.82
52.76
53.5
53.51
53.62
53.48
54.29
53.81
53.65
53.55
53.78
54.53
54.3
54.23
54.59
54.85
54.77
55.02
54.52
55.14
55.23
55.45
55.37
55.84
55.53
55.59
55.78
55.68
56.14
56.19
56.15
55.83
55.72
56.21
56.76
56.63
56.29
56.22
56.96
56.64
56.32
57.1
57.26
56.42
57.01
56.6
57.63
56.97
57.04
57.1
57.75
57.91
57.36
57.47
57.88
57.81
57.7
58.01
58.32
57.87
58.2
58.03
58.24
57.98
58.15
58.63
58.33
58.52
58.56
58.3
58.64
58.86
58.91
58.69
58.99
58.68
58.94
59.21
58.84
59.11
59.31
59.21
59.11
59.37
59.41
59.62
59.3
59.71
59.54
59.36
59.3
59.67
59.64
60.17
59.87
59.76
59.87
59.49
60.4
59.98
60.08
59.88
60.14
60.27
60.33
59.88
60.56
60.54
60.59
60.36
60.55
60.49
60.69
60.53
60.55
60.65
60.98
60.95
60.81
61.13
60.79
61.35
61.05
61.32
60.62
61.07
61.51
61.11
61.19
61.32
60.89
61.47
61.35
61.51
61.77
61.68
61.13
61.17
61.79
61.7
61.33
61.18
61.38
61.37
61.95
61.55
61.83
61.75
62.12
61.56
62.04
62.08
62.22
62.0
61.97
62.51
62.26
62.07
62.19
62.14
62.63
62.57
62.17
62.59
62.29
62.5
62.49
62.31
62.34
62.57
62.14
62.53
62.77
62.67
62.6
63.04
62.58
62.99
62.58
62.93
62.64
62.64
62.9
63.02
62.73
62.81
63.15
63.09
62.98
62.62
63.31
63.08
63.34
62.99
63.25
63.45
63.2
62.97
