2.303920053100586
2.3021608421325683
2.3004519161224364
2.298508280181885
2.296264446258545
2.293026531982422
2.2879561717987063
2.2802676906585693
2.268219353866577
2.24753557472229
2.2053519187927244
2.136344187927246
2.082682528877258
2.046997702407837
2.015845858192444
1.988453293800354
1.9598680116653442
1.937169359779358
1.911272465133667
1.891221951675415
1.858660325050354
1.835297046852112
1.8134829553604126
1.788442795753479
1.768755037879944
1.7566550798416138
1.7362053937911988
1.7132834854125976
1.7002174585342407
1.687234239768982
1.6874665201187133
1.6629420080184936
1.6520767234802247
1.6483178085327148
1.6387576900482177
1.6220754930496215
1.6158833351135253
1.6105198678970336
1.6017103378295898
1.5953629854202271
1.5856839857101441
1.5824317974090576
1.5713439128875732
1.570904340171814
1.560350611114502
1.5536019468307496
1.5522803548812867
1.5426600736618041
1.5312595489501952
1.5279589725494385
1.5307339031219482
1.521958034515381
1.5170834203720094
1.517918763923645
1.507241821861267
1.4954011436462402
1.4896570995330811
1.4853182340621949
1.4762459506988526
1.472579026222229
1.4719593910217286
1.4669344799041748
1.4584614583969115
1.4626998485565186
1.4566887239456177
1.449130912590027
1.4423945741653443
1.4367573863983154
1.4338625106811524
1.4225742622375488
1.4237237342834472
1.42137217502594
1.4218870859146118
1.4112553758621216
1.408249478530884
1.3989884897232057
1.3939333562850953
1.3952270307540893
1.3942526802062989
1.3862606594085694
1.3825453950881958
1.3817675449371338
1.3734975233078004
1.371759192085266
1.3662895622253417
1.3649511827468872
1.3607022167205811
1.356356190109253
1.3567309705734254
1.3595017484664917
1.3421885549545287
1.351298113822937
1.3379776973724364
1.3399987550735473
1.3363794559478759
1.3261828159332276
1.3237343532562256
1.330645489501953
1.318595389175415
1.3211469177246093
1.3176258541107178
1.3181615947723389
1.3125672798156738
1.3057928033828736
1.3020743188858033
1.2949697048187256
1.2959310234069825
1.30061455078125
1.2906423238754272
1.2866256267547607
1.2890315633773803
1.2922086158752442
1.2815198972702027
1.2799084568023682
1.2720496473312377
1.2735534635543824
1.2834534160614013
1.2637799877166749
1.2657637405395508
1.2652199314117432
1.263236996459961
1.259827325630188
1.2579216461181641
1.253445188331604
1.2525809593200683
1.2458430973052979
1.2528568326950074
1.2421833574295045
1.239423737335205
1.2470866214752196
1.2332348251342773
1.2319511707305908
1.2310257524490356
1.24009116897583
1.2351835695266724
1.2261182205200196
1.2225067110061645
1.2237011291503905
1.2222966445922852
1.2181654113769531
1.2144546894073487
1.2133549911499024
1.212398673248291
1.2123640174865722
1.206680860900879
1.221500477218628
1.205408806037903
1.205520841217041
1.196171979522705
1.1990090162277223
1.196424713897705
1.203526414871216
1.1892827997207642
1.1894805086135865
1.1911944913864136
1.1882349103927612
1.1819261837005615
1.1841778846740723
1.1835585195541383
1.176689563369751
1.1762590215682984
1.1826084478378296
1.1756628959655762
1.1766577816009522
1.1771572679519653
1.1744695770263671
1.174354908180237
1.1716382873535156
1.1708173402786255
1.163966689491272
1.1636341567993165
1.1707821138381957
1.163438692855835
1.1592084583282471
1.159268924331665
1.162047438812256
1.1593911884307861
1.1639976133346557
1.1536488245010377
1.1523228912353516
1.153304545211792
1.1497131748199463
1.1484547958374023
1.154279155731201
1.1461350704193116
1.1430201015472412
1.1472029001235962
1.1371239496231078
1.1492496019363403
1.1394874876022338
1.1406181241989135
1.141462608909607
1.1384277938842773
1.132468367767334
1.129483762741089
1.1307879247665404
1.1361880214691162
1.1355147926330567
1.1282050117492677
1.1367436319351196
1.1272724460601806
1.1265295358657836
1.125243740272522
1.1287097646713258
1.1286778072357178
1.1235341005325317
1.1228133493423462
1.1293835569381714
1.121600577354431
1.1169497779846191
1.1172259183883666
1.1153864349365235
1.1141025453567506
1.1203209266662597
1.1156832443237306
1.118522979736328
1.1110700242996217
1.1154885726928712
1.1119875333786011
1.109237692451477
1.1116117624282837
1.1057998043060302
1.1136267011642456
1.1058297533035277
1.1072630207061767
1.1026452165603637
1.1136345457077026
1.1031140060424804
1.1015477317810058
1.1057013793945312
1.1035758405685425
1.1041267751693726
1.1053045736312865
1.1000476791381837
1.101860107421875
1.1013839122772218
1.095895424079895
1.095120963859558
1.0994922826766969
1.106637671661377
1.0920411060333253
1.0900964900970458
1.0984281295776368
1.0964256286621095
1.0927033456802369
1.092580821800232
1.0842671491622924
1.0881974803924561
1.0825515399932861
1.0883699590682983
1.0885212217330933
1.0882664855957032
1.0876506214141846
1.087374969291687
1.0850857299804688
1.085564023399353
1.0887331857681275
1.0788023485183715
1.0816296863555908
1.078548970222473
1.0797410781860353
1.0900939838409425
1.0842296751022338
1.0731674377441407
1.0790917221069336
1.0787458587646483
1.0793228466033935
1.0804463956832886
1.0789185981750489
1.0843443555831909
1.0827643421173097
1.0751879760742187
1.0774068544387818
1.076173034286499
1.0776110347747803
1.0801253299713134
1.0754625621795655
1.0752847673416137
1.074553247642517
1.0730356582641603
1.0740144680023194
1.0712770380020142
1.0776431852340698
1.0741435194015503
1.0712692943573
1.0669238145828248
1.0710419290542603
1.072892733001709
1.0689748910903931
1.0772978338241577
1.0672182317733765
1.07506086063385
1.0662165962219239
1.0654322324752807
1.0659648126602173
1.0708099697113038
1.0677884016036987
1.0640391319274902
1.066313494491577
1.0698535249710084
