2.208105763244629
1.7322903539657593
1.147298617362976
0.8035746160507202
0.6588803134918213
0.5553175261974335
0.47019818410873415
0.404913901090622
0.37194716863632205
0.3456560028553009
0.3122809273004532
0.29004751896858216
0.2730551248550415
0.25203218977451325
0.23883872241973877
0.22884455921649932
0.21675413665771484
0.20449578226804732
0.19388595069646836
0.18745785781145097
0.17625780725479126
0.17349161806702615
0.16907563202381135
0.1611679834842682
0.15568619214892387
0.14954867776632308
0.14957690624594688
0.14254624057412146
0.14039795845746994
0.14124262804389
0.13350208980739117
0.13288657777905463
0.12872198679745198
0.1259995771676302
0.123510136282444
0.12187995524406434
0.11898942521512508
0.11660622568428516
0.11530677283108234
0.11113115889579057
0.11158281969875097
0.10837459468692541
0.10817961354106664
0.10503580164909362
0.1058566832266748
0.102452838216722
0.10100675608962774
0.09768611052185297
0.0967297989308834
0.09792860399708152
0.09427706821858883
0.09138785961717368
0.09054381228238344
0.08983867367208004
0.08955655845478178
0.0892244978517294
0.08933422738984227
