92.49
95.14
96.27
96.93
97.01
97.5
97.37
97.61
97.78
97.77
97.93
97.94
98.01
98.17
98.2
98.12
98.24
98.19
98.23
98.22
98.26
98.31
98.38
98.38
98.43
98.4
98.45
98.39
98.51
98.41
98.39
98.45
98.56
98.52
98.49
98.54
98.5
98.65
98.57
98.65
98.58
98.62
98.65
98.62
98.67
98.63
98.67
98.73
98.74
98.71
98.73
98.82
98.73
98.76
98.74
98.68
98.7
98.8
98.76
98.84
98.84
98.85
98.83
98.86
98.84
98.89
98.75
98.8
98.94
98.86
98.92
98.85
98.83
98.87
98.92
98.88
98.82
98.88
98.9
98.98
98.94
98.87
98.84
98.89
98.92
98.91
98.93
98.93
98.86
98.91
98.92
98.89
98.93
98.96
99.01
98.95
98.99
98.96
98.97
98.94
98.91
98.97
98.96
98.93
98.88
98.91
98.9
98.87
98.93
98.94
98.92
98.86
98.94
98.96
98.87
98.93
98.97
98.94
98.96
98.97
98.96
98.92
98.98
98.99
98.94
98.94
98.98
98.95
98.95
98.93
98.96
99.03
99.02
98.99
99.04
98.94
98.95
99.0
98.96
98.96
98.93
98.96
99.06
98.94
99.01
98.97
98.94
98.89
98.96
98.98
98.95
98.94
98.94
98.96
98.95
98.99
99.07
99.02
99.01
99.03
98.99
99.05
99.0
98.99
99.0
98.98
99.03
99.06
99.01
99.03
99.04
99.09
98.98
98.99
99.01
99.0
98.99
98.94
98.97
98.92
98.99
98.94
98.96
98.91
98.96
98.92
98.96
98.98
99.0
98.98
98.98
99.03
99.0
99.04
99.0
99.08
99.01
99.06
99.02
99.09
99.08
99.11
99.07
99.02
99.04
99.06
99.0
99.03
99.1
99.0
99.01
99.05
98.99
99.03
99.1
99.07
99.03
99.01
99.05
99.03
98.99
99.02
99.0
99.0
98.99
99.02
99.06
99.0
98.98
99.08
99.06
99.0
99.04
99.06
99.01
99.02
99.08
99.04
99.07
99.04
99.03
99.05
99.1
99.12
99.04
99.08
99.0
99.05
99.06
99.01
99.01
99.0
99.0
99.01
99.04
99.04
99.04
99.01
98.98
99.0
99.05
99.03
99.01
99.11
99.07
99.09
99.07
99.04
99.03
99.08
99.03
99.03
99.03
99.01
99.07
98.99
99.03
99.08
99.02
99.01
99.01
99.04
99.03
99.04
99.0
99.07
99.07
99.08
99.11
98.98
99.0
99.06
99.05
99.09
99.0
99.05
99.09
99.02
99.09
99.05
