2.333068265533447
2.8285347270965575
3.3366851863861084
3.144596575164795
2.7230020839691162
2.5995087951660154
3.104229545593262
2.8186811248779295
2.5501175117492676
2.3312662607192993
2.380140921020508
2.2390473567962648
2.386012660980225
2.2212841682434084
2.313838726234436
2.8202489517211915
2.273077545928955
2.3048635320663453
2.520783425140381
2.105737099456787
2.703920648574829
2.187764840888977
2.2915941543579104
2.0378918907165526
2.1515658292770388
2.2349385946273803
2.3301599422454835
2.4815010234832764
2.07900444393158
2.2065641483306884
2.261600280380249
2.6623714584350586
1.8895227598190307
1.9251656021118164
2.0590288387298585
2.6040977142333985
2.514813460159302
2.1470044731140137
2.022106448936462
2.0549437534332275
2.309166431427002
1.8927544845581055
2.114549154281616
1.9780631673812865
1.9477420936584473
2.000788631820679
1.951614627456665
1.941059986305237
1.9844265087127686
2.318654804611206
2.1214371774673464
2.2179917510986327
2.1655888290405274
1.7879755531311035
2.1491966918945313
2.1021844539642336
3.106566626739502
2.154958282470703
1.670756606864929
1.7797241764068603
1.746879013824463
1.9607792751312256
1.9188735649108886
1.8634992446899414
1.6576364059448243
1.8551857973098755
1.8683523653030396
1.8193140285491944
2.2495780181884766
1.914003662109375
1.787227816772461
1.8109834915161134
1.7646570850372314
1.9995102588653564
1.9295990926742554
1.7243181922912598
1.8323686906814576
1.6776282012939454
1.6316847602844238
1.77563635597229
1.7510579809188842
1.6795828535079955
1.8795493522644042
1.9680287624359132
1.69353221244812
1.8640458955764772
1.9844962715148926
2.0004502170562746
1.825380242919922
1.957308588409424
2.157149528312683
1.81895733127594
1.8030921262741089
1.8290831399917602
1.741736106109619
1.7587110401153565
1.7000712566375733
1.564808180618286
1.858882564163208
1.6114997547149659
1.6712805782318114
1.691917808532715
1.6633632402420044
1.5401186883926392
1.6019395566940307
1.5604505348205566
1.8239305925369262
1.516006002998352
1.7559458740234375
1.8972159658432006
1.8232275989532472
1.6019511974334717
1.9633078952789307
1.9855276069641112
1.6078048610687257
1.8204975145339966
1.8856386058807373
1.5354277435302734
2.1766711616516115
1.8650383159637451
2.067838314628601
1.7317437072753907
1.4969334363937379
1.9443534572601318
1.8558237781524658
1.8196710077285767
1.5648267168045045
1.730701579093933
1.7497797012329102
1.7670914447784425
1.6469180690765381
1.7482549341201783
1.565384426689148
1.9770209285736084
1.756066098022461
2.1341403541564943
1.6175192691802978
1.907672258377075
1.7416426250457764
1.5779553117752074
1.9036509202957153
1.5482943397521973
1.7005717273712158
1.5405701007843018
1.7508012283325196
1.6197716619491578
1.778174423789978
1.6126549724578858
1.88105770072937
1.711821427154541
1.66069652633667
1.8010718383789062
1.7901559509277343
1.8002170238494872
1.6444661849975586
1.5207237079620362
1.7855703910827636
1.7335871086120604
1.5827894918441772
1.9336269367218017
1.5774250995635986
1.8269675086975097
1.6960926853179932
1.865384009552002
1.5380501110076905
1.6435092470169068
1.8390025928497316
2.191539677429199
2.17163201751709
1.629429843521118
1.6011495193481444
1.5498399143218995
1.8400115991592407
1.8151942630767823
1.976224250793457
1.5589720205307007
1.8574896951675415
1.6248087705612182
1.6127854837417603
2.3069974002838136
1.801933703994751
1.6749184799194337
1.6113603979110718
1.7006882904052734
2.4377492263793945
1.6478845485687257
1.5251542253494264
2.0347596731185913
1.804936967086792
1.876382666015625
1.7366829694747925
1.729225405883789
1.7542477367401124
1.6616145042419435
1.7264775421142577
1.7628681663513184
1.7053997596740722
1.5985699283599855
1.6452770122528075
1.5158117134094238
2.312746472167969
1.6715659145355224
1.6856226238250733
1.5933010414123536
1.6545545518875122
2.0532892280578614
2.05131868019104
1.543235809135437
1.6767217849731446
1.807422146987915
1.6500131832122802
1.7027879585266112
1.8010602039337158
1.9235603790283202
2.2337248035430908
1.7206956089019776
1.6656648845672608
1.6880010427474976
1.567472953414917
1.6218904880523681
1.8291850395202636
1.5053703186035157
1.7618785354614257
1.807576132965088
1.5549691541671753
1.6507422382354737
1.655852636528015
1.886673672103882
1.5753207370758056
1.621017131614685
1.7678779651641845
1.507740869140625
1.429999833869934
1.5426860771179198
1.967710121536255
2.19503355178833
2.0193390686035158
1.6503160606384277
1.462435385131836
1.5031468074798584
1.5812202642440796
1.5540247798919677
1.7383445938110351
1.7914988914489747
1.6878143016815186
2.2293581329345704
1.6541800346374511
1.9491441482543945
1.9305518009185791
1.9137659412384034
1.7949520977020264
1.4934802364349364
1.9971861480712891
1.6211431100845337
1.8890713287353516
1.886023614501953
1.584108567237854
1.7299978803634644
1.7345150966644287
1.4626686532974242
1.6260303314208984
1.5890407106399536
1.663678540611267
1.4898813745498658
1.7926379497528075
1.7530726499557494
2.2768242908477783
1.6122806591033936
1.8517349548339843
1.6418387485504151
2.8391231281280516
1.5223965961456298
1.5825266719818116
1.582592924118042
1.750233815765381
1.7618127796173095
1.5499576808929443
2.275572737503052
1.695968797492981
1.7688665176391603
1.8111859367370606
2.0527725437164306
1.7582839279174804
1.5182523094177247
1.8257865461349487
1.9543121162414552
1.7924735649108887
1.7700504081726074
1.8613459651947022
1.566524779510498
1.7403845069885253
1.6294813327789306
1.7366689666748047
1.836413903236389
1.7640045547485352
1.5796209730148316
1.5604708099365234
1.732970742034912
1.5282999515533446
1.5250580465316772
