9.99
10.0
10.0
10.0
10.0
10.03
13.41
17.5
16.26
16.97
11.3
16.93
20.4
18.56
13.67
10.0
20.63
13.49
18.56
20.17
22.8
17.81
20.11
22.53
17.85
21.08
28.86
22.12
21.47
22.35
24.14
23.29
25.45
24.81
24.35
24.84
24.87
25.3
21.9
25.52
26.6
16.22
28.81
29.06
33.42
28.31
26.27
24.23
32.36
31.21
25.68
31.14
25.83
27.87
26.47
36.66
37.06
27.27
33.49
32.05
27.49
31.65
27.36
30.94
27.14
31.93
29.89
34.38
34.53
35.31
29.37
34.09
33.21
33.09
35.6
32.26
31.52
32.97
35.9
22.83
35.17
36.61
39.42
32.37
34.4
37.38
34.55
36.88
38.88
28.71
35.6
38.91
43.05
39.17
23.55
43.07
37.2
36.28
36.35
40.78
38.16
37.36
29.76
40.9
39.03
32.4
32.77
29.96
37.44
30.39
40.27
29.45
31.69
39.11
41.35
41.79
44.03
36.77
36.03
38.27
43.87
38.07
32.61
46.09
45.37
37.99
41.6
34.27
40.33
38.89
41.3
40.47
36.63
39.5
42.17
32.22
44.3
39.84
43.59
42.71
32.58
40.96
42.28
40.27
44.75
38.43
41.77
37.8
45.3
44.63
38.72
44.72
32.08
30.93
41.2
38.9
40.96
36.8
41.4
32.93
34.15
44.68
38.51
43.24
40.23
43.36
44.16
38.13
41.45
42.63
37.61
34.97
41.82
45.51
39.68
43.81
47.64
37.99
44.79
37.82
35.58
38.91
43.28
43.15
39.56
47.7
47.16
40.46
41.8
39.86
41.87
45.53
46.84
41.19
46.04
43.8
43.47
42.53
44.67
43.67
47.06
47.07
44.79
39.75
44.94
41.91
42.41
43.47
37.42
30.85
47.33
46.66
44.72
44.55
46.78
49.04
46.03
47.2
42.33
40.2
35.71
38.44
42.94
43.24
46.66
46.65
47.78
42.28
46.53
44.94
47.57
43.65
42.85
38.56
48.43
44.63
44.68
44.69
29.28
41.32
42.37
45.96
47.02
48.79
47.33
47.9
44.76
44.96
46.07
46.47
48.44
36.92
49.68
35.84
48.94
48.71
43.42
47.39
44.77
39.84
48.6
46.23
47.79
41.45
49.37
48.61
47.75
45.94
41.85
44.64
47.38
47.84
46.43
43.44
44.0
45.37
50.9
46.23
40.08
49.57
47.04
49.87
47.4
45.2
40.78
45.29
42.05
45.99
41.07
44.74
41.79
48.22
45.09
47.09
47.98
45.54
50.41
37.06
45.38
48.3
