35.42
38.56
37.26
58.51
79.91
72.89
75.63
78.21
67.54
85.76
83.54
90.89
85.58
82.61
84.99
83.2
91.52
88.94
89.18
87.28
88.03
89.61
79.8
92.36
91.0
90.2
92.47
90.71
95.59
94.27
90.72
92.1
94.64
93.42
87.19
93.4
95.15
94.59
94.27
94.75
93.89
94.03
96.13
91.53
92.24
93.14
95.57
94.49
95.05
94.68
95.78
95.76
95.37
93.91
94.72
95.01
93.83
91.95
94.14
93.65
96.99
96.38
96.23
96.52
96.3
96.65
95.88
96.84
96.34
94.99
96.98
96.71
95.67
96.02
96.5
94.86
96.16
95.22
90.1
95.79
96.11
95.13
96.94
86.5
93.86
96.08
96.48
95.55
95.38
94.68
94.65
96.36
97.24
94.96
97.27
96.46
95.22
92.89
97.29
96.41
96.93
96.81
96.17
92.8
94.59
96.28
96.36
96.14
97.47
96.32
96.8
96.95
97.18
97.35
96.89
97.6
94.57
95.9
95.52
96.4
91.65
95.54
96.04
96.46
97.08
95.76
97.27
97.37
97.35
97.0
95.91
97.9
96.24
97.33
97.31
96.54
95.24
97.06
95.77
96.54
95.49
96.18
96.6
96.98
96.81
96.66
97.64
97.42
95.98
97.83
96.23
97.36
96.76
95.26
96.92
96.35
94.48
97.09
97.33
93.58
91.05
96.53
97.38
97.32
96.68
97.19
97.57
97.69
97.45
97.89
97.77
96.87
97.65
97.74
96.76
97.22
96.82
97.21
97.03
97.25
96.59
96.28
96.37
97.07
97.46
97.01
96.34
97.17
96.58
97.4
96.4
96.32
94.83
92.46
97.85
97.92
97.85
98.01
97.5
97.69
96.85
97.04
97.9
97.27
97.12
96.94
97.57
97.25
98.15
97.37
97.73
97.68
98.11
98.24
97.09
96.87
97.81
96.16
97.48
97.89
97.68
97.4
98.03
97.77
97.1
95.85
97.46
97.44
97.92
97.56
97.87
97.26
97.72
97.65
97.8
97.72
97.7
97.83
91.59
97.48
97.26
98.25
98.04
97.39
97.79
96.34
97.79
97.63
98.37
98.01
96.61
94.49
97.67
97.91
98.26
97.3
97.65
97.96
97.49
97.12
97.71
96.59
98.29
97.83
98.06
98.16
97.67
97.92
98.07
98.16
97.67
96.58
97.77
97.75
96.67
97.69
97.89
98.11
97.83
98.01
97.27
97.72
98.06
95.98
95.84
96.13
98.27
97.95
97.38
98.23
96.71
98.01
97.71
98.09
96.67
98.19
97.66
96.83
97.54
98.04
