2.1726040596008303
2.0387477367401123
1.7888411441802978
1.0984284481048583
0.6588511674880981
0.7419787041664123
0.7675009948730469
0.7034610840797424
0.984336754989624
0.4687194500923157
0.48109747858047486
0.3214076414465904
0.4146447278499603
0.5003015536785126
0.442113205742836
0.440744282579422
0.2701586785972118
0.303963011431694
0.3376572048187256
0.36151651735305784
0.3208733857154846
0.31339643795490263
0.606640739107132
0.24323274080753327
0.25854144253134725
0.2950000973582268
0.22918299266099929
0.27783950462341306
0.14992394013106822
0.18729674269855023
0.261327627569437
0.25055463480353357
0.16350901275873184
0.20139595563709736
0.3620707359135151
0.21364209274053575
0.15017560113072395
0.17348974612653256
0.18541158365011215
0.15325547765493394
0.19207142974436284
0.18609784169122576
0.12526718657910824
0.2701051684379578
0.21704190587997438
0.21524192773103715
0.15066277883052825
0.17384945711791516
0.15607143795490264
0.1563754500925541
0.13321819080412386
0.128955560451746
0.14672821950316428
0.1832567438840866
0.16122191943973302
0.16457844828367232
0.19370879316329956
0.27015427632331845
0.17719137142896652
0.1911955208182335
0.09726632493138314
0.10953663899302482
0.12173689457550645
0.11173646902143955
0.1214720994323492
0.10815139726102352
0.12247342040687799
0.09688333328664303
0.1195030824944377
0.14792902133762836
0.09621173446327448
0.10498045400232077
0.13659181009829044
0.13412448650598527
0.11265492333099246
0.16590992838963867
0.12643818599171935
0.1609119517952204
0.2511144951820374
0.13029351104944945
0.12250279543399811
0.15345755665302277
0.09442900889888406
0.40267290930747984
0.19081848533153534
0.12890007826685906
0.10536039538607002
0.13647350306510925
0.12613986800312996
0.16775596383810043
0.15469726989567278
0.11204587457776069
0.08400381410717964
0.148236328458786
0.09045540660321713
0.1173210299577564
0.14826451731324197
0.22049292259216308
0.08883233536798507
0.1166635564647615
0.0929311162399128
0.10171826222725212
0.11809711415618658
0.19727189978957177
0.1465295988857746
0.1070550821453333
0.11506735072359443
0.1259988333284855
0.07843485500663519
0.11917023813724517
0.09738689492344857
0.08912123287916184
0.08270007507540286
0.08455670552328229
0.09395230425819755
0.07288043492399156
0.1626139930009842
0.12046733429133892
0.13280662162303924
0.11836302580833435
0.2137538236618042
0.1416869324684143
0.13407547926902771
0.1033264081954956
0.0997138870999217
0.1285610310435295
0.08300544957369566
0.08007657280489802
0.0839512075908482
0.09394594079134985
0.12113712452799082
0.06898137276023626
0.11775228841900826
0.09007440335154533
0.08767773287147283
0.10766071238666773
0.1498237779021263
0.08904947167634963
0.1260240935087204
0.11343309290260077
0.14619632472991945
0.11563343904018403
0.10455286816731095
0.09991864488497376
0.09609097737073899
0.10014087802022696
0.06835596617683769
0.0803905709296465
0.1252846907556057
0.0705363805487752
0.12213064405992627
0.08090287940651178
0.09728646720722317
0.15374874249100684
0.09694537901878357
0.11316281521320343
0.1588201230764389
0.08755739799886941
0.07684314938876778
0.18242136301994324
0.2331166403770447
0.11262448925599455
0.08171083045597188
0.08190592538267374
0.10699647953510284
0.08916340672262013
0.07261858542859555
0.07266178279146553
0.08005423501767218
0.06332274067476391
0.06793974370248616
0.10434959030598402
0.07230322358179837
0.07035970750730484
0.09430688280314208
0.08382277488708496
0.10093899281919003
0.0936428456325084
0.09908367014899849
0.08682456706948578
0.10545415860712529
0.12501141140833497
0.11499772611642256
0.08917963732033968
0.07397335100919009
0.08836211737468838
0.11181956661920994
0.08530468381345271
0.1088597743794322
0.08243062222748995
0.10556232846677303
0.11010020289011299
0.1533588201031089
0.20750412328243256
0.06390077954083681
0.06187527243085206
0.06794383435864002
0.06192238832861185
0.07176327433139086
0.07335410328358412
0.10311181710660458
0.09507950783912092
0.06544318930320442
0.08302252463251353
0.08664860384622589
0.09422093146778643
0.07467503582388163
0.08080236710309982
0.05756718610934913
0.08596946731954813
0.06670976751409471
0.07027073437571525
0.05978901586160064
0.05694605531767011
0.09101820325003937
0.09498680926673114
0.06970796148749069
0.11420257738381624
0.07389208435043693
0.06443376217540353
0.07149024979248643
0.08060231263041497
0.060918345962837336
0.06348899117708207
0.0861928630888462
0.12095877405405045
0.07537404204905034
0.08000915221944452
0.06070853764303029
0.07053388179913163
0.06596536745801568
0.08058303317576647
0.06885580787137151
0.0697937318623066
0.0683109702212736
0.07253454137444496
0.0695132945112884
0.06537574724145234
0.24110990976840257
0.0751653059579432
0.0831166685141623
0.05408144456315785
0.06305090928673744
0.07781239360645413
0.06449734551310539
0.10692531380355358
0.06614873749315739
0.06994165905788541
0.050930264642648396
0.061871806401759384
0.10405743736773729
0.1728545756340027
0.07292953807637095
0.06323177898675203
0.05330583831537515
0.07971699154376984
0.07417007701694965
0.06011457642875612
0.07345159632861614
0.08397799927126616
0.0682353936009109
0.09875369666218757
0.05601804774403572
0.06455882044639438
0.05873716323617846
0.051484353943541644
0.06934954548925161
0.06579012991003692
0.0642220929481089
0.058246762784942986
0.0715838680986315
0.09869119830094278
0.06442265268950723
0.06266575671434403
0.10119061604440212
0.0711679991719313
0.06469700780734419
0.0558591018954292
0.06245114090032876
0.05718296733852476
0.08228428124189377
0.06912994308583438
0.058741814056411386
0.12245719754695893
0.11961296900510789
0.11381515479683876
0.05520765412319452
0.06831435241103172
0.08436234710365534
0.05721759723164141
0.09819071069359779
0.06402576263397933
0.07084270810317247
0.05910301460810006
0.09471148295402528
0.05341517283059657
0.06848998534083367
0.09273233553320169
0.071472912356304
0.059259870801120995
