90.99
94.81
95.86
96.44
96.84
97.02
97.34
97.45
97.79
97.87
97.99
98.13
98.11
98.23
98.32
98.34
98.38
98.48
98.5
98.5
98.56
98.49
98.52
98.71
98.55
98.66
98.64
98.67
98.69
98.69
98.71
98.69
98.66
98.74
98.71
98.73
98.75
98.75
98.87
98.83
98.81
98.8
98.87
98.79
98.8
98.81
98.82
98.78
98.83
98.81
98.84
98.93
98.84
98.84
98.8
98.88
98.83
98.86
98.91
98.83
98.93
98.86
98.9
98.86
98.88
98.84
98.97
98.9
98.93
98.96
98.93
98.91
98.93
98.89
98.97
98.93
98.95
98.96
98.88
99.0
98.98
99.01
98.96
98.88
98.99
98.97
98.98
98.9
98.89
99.02
99.02
99.03
99.03
98.98
99.05
99.02
99.06
98.96
99.05
99.08
98.99
99.06
99.05
98.98
98.97
99.02
99.05
98.99
99.04
99.07
98.99
99.01
99.06
99.07
99.05
99.06
99.02
99.09
99.12
98.99
99.07
99.08
99.05
99.0
99.12
99.15
99.2
99.11
99.1
99.02
99.02
99.15
99.07
99.04
99.1
99.09
99.12
99.03
99.1
99.03
99.08
99.09
99.11
99.08
99.13
99.1
99.02
99.06
99.14
99.11
99.09
99.13
99.14
99.15
99.11
99.11
99.14
99.18
99.15
99.17
99.1
99.11
99.11
99.11
99.16
99.22
99.13
99.17
99.18
99.18
99.17
99.15
99.15
99.17
99.13
99.2
99.19
99.19
99.27
99.24
99.23
99.15
99.11
99.19
99.18
99.21
99.2
99.15
99.23
99.22
99.2
99.19
99.19
99.21
99.24
99.2
99.2
99.17
99.19
99.23
99.26
99.18
99.23
99.24
99.24
99.23
99.23
99.19
99.24
99.25
99.2
99.23
99.16
99.26
99.27
99.2
99.21
99.22
99.22
99.28
99.2
99.22
99.28
99.24
99.27
99.3
99.23
99.23
99.22
99.21
99.26
99.27
99.2
99.17
99.23
99.25
99.28
99.19
99.24
99.27
99.3
99.25
99.24
99.27
99.22
99.24
99.22
99.26
99.15
99.25
99.23
99.26
99.24
99.27
99.29
99.26
99.21
99.25
99.25
99.27
99.21
99.24
99.27
99.29
99.28
99.25
99.22
99.25
99.2
99.27
99.22
99.26
99.24
99.24
99.18
99.22
99.23
99.23
99.27
99.24
99.28
99.22
99.21
99.25
99.21
99.23
99.22
99.23
99.21
99.18
99.2
99.27
99.23
99.21
99.21
99.25
99.24
99.24
99.15
99.18
