0.3079540062189102
0.17553360996842385
0.13310583730936051
0.11079441977664828
0.09888445293754339
0.09264058623872698
0.0818800630722195
0.07607794576659799
0.07005470709893852
0.06779075718028471
0.06465644662631675
0.06102176037426107
0.06106950248898938
0.0591998561384622
0.057709267830010506
0.05588918931717053
0.05285863125382457
0.05163055977043696
0.05080601745666936
0.048714190022926776
0.049720420450903476
0.04950338662164286
0.04915858813668601
0.045949787046108394
0.046101613941788674
0.043589009468001316
0.044490070983639454
0.043867127031902785
0.04363311305224197
0.0432956365012913
0.04179715418116539
0.041267839306173844
0.042415770127339054
0.039902859196357894
0.04122297227702802
0.03923159568413394
0.03908021190330037
0.03934085165160359
0.03856650311015546
0.03730167058973457
0.038113378963328434
0.03777698648613295
0.03582745768930763
0.03682780057707569
0.03769249512674869
0.03817338725015288
0.03898632224104658
0.037480598164373075
0.03671273433972965
0.03837606176136178
0.03713452626140788
0.03510545265029068
0.03677637263180222
0.036696353343199005
0.036915579581528433
0.034740422306442635
0.036625148757721764
0.034490476211387434
0.0352935912677669
0.03565990634626651
0.03518583164817246
0.03720517220740876
0.034492187165634826
0.035530374156110336
0.03382311530840816
0.035691283799271334
0.03364717459251697
0.0356377262592403
0.03319984244821535
0.03208822488143924
0.03495078150589543
0.03468126226819295
0.03422124799761805
0.031994757279165786
0.032153731951140796
0.03280812311905902
0.03308310018639022
0.03176513219728949
0.03345745896845765
0.0324540785829362
0.0319487260121372
0.031155745193897747
0.035126772781056935
0.03383854344096326
0.03367694164384739
0.031286365522479175
0.03199694428914518
0.03347809350174721
0.03138633041544817
0.03258724303983618
0.03146824755991111
0.031153268103089066
0.03065068616120552
0.03188331018300232
0.03191513893902593
0.029317570634567528
0.030447614671745397
0.030090307453073912
0.02931732553397305
0.0289001068471538
0.03015340900202864
0.030985647497377068
0.030633902422910614
0.030513217310757318
0.030815074040599574
0.030255721669153718
0.02990869382403471
0.031369644879057884
0.03007541385475779
0.030993763631196634
0.03157418909824191
0.030860613911051767
0.02987963199362566
0.029861065528065955
0.031187768175824748
0.029492143979412504
0.030551395112885803
0.029118388107263308
0.028536043364148646
0.030706822743029626
0.027455521909469097
0.027232079722278285
0.0292114512266824
0.029912551129211352
0.028910822188118617
0.02796301800080837
0.02891289286094252
0.02844722553981992
0.02925781873548549
0.03091845221529147
0.030241031718804153
0.027568188565803575
0.029232128182586165
0.03007472547966463
0.030752715730784256
0.0285850733328567
0.028654027508490252
0.029655054918256065
0.030076695730467326
0.02907338159921128
0.028968938077566418
0.0291151191799996
0.02971546335910316
0.02960221627855717
0.028823436623664746
0.028925604548107366
0.030676525065509486
0.029513345708721318
0.028239705774559115
0.028634495460058678
0.0281877376905868
0.02932101070965
0.0286465353247404
0.028021504855321837
0.02850190931615434
0.029129049495398796
0.028789058574942464
0.028498435583098763
0.027809081038724252
0.02694408349314908
0.029541732214383228
0.026797874332258654
0.028064242336372263
0.028450293187076387
0.02749599489471075
0.027605361772669857
0.027924758822324657
0.02736713605522382
0.028121723597691745
0.028361442562975934
0.027849637140484263
0.027644393301560922
0.027978379685883556
0.02776757501124448
0.028439057412254987
0.02684874645495438
0.026230328573872974
0.027868664477349377
0.026096702189052304
0.02659039614462126
0.026633982964593815
0.028258659544578405
0.027966666976678607
0.02724975249630952
0.02640585001270738
0.02694090761512416
0.02662640523540904
0.02791033983118032
0.027810333196874124
0.026823459132503193
0.026443403769826547
0.026468739982901387
0.027380249850515247
0.027371398210102052
0.027154249766796965
0.02761331564910506
0.027749737690053188
0.026949653075076276
0.027395695615338445
0.02688105009636165
0.026034747382323985
0.02773576672131676
0.02762107590658852
0.027365824432796216
0.02682385706741734
0.026311931319371797
0.026591147523289692
0.026344315555725917
0.026581333782222646
0.025653765441302677
0.02631286064151391
0.026991078696792466
0.027128041660496455
0.02668115556953744
0.025939124032614926
0.026684973645325225
0.02759111870063334
0.02627034519842273
0.02664887292526382
0.02611387486621006
0.026056490159481836
0.02697895419091874
0.02512797765591604
0.026707456493434437
0.02562357698724918
0.02518311400736202
0.02614079929365871
0.02554852208715565
0.026757246519333422
0.028070423651467717
0.026020936478591467
0.026377038892153724
0.027142202692111823
0.026751499597955263
0.026650740326301638
0.026606262278365465
0.02694623475016779
0.02785763295121469
0.02543896335991667
0.02597701697909688
0.025905388704979486
0.025830353083464614
0.02512256580492176
0.02578477078343494
0.026235853018771196
0.026614431514327408
0.02687242077038318
0.02556839419204625
0.028176965417141583
0.024967082891480096
0.025335200060146598
0.02654029826397764
0.02695530334713585
0.026191365238897014
0.02586292276313543
0.026223640618778153
0.026445884344017033
0.02732361743512338
0.02607551486531884
0.025947777477416094
0.02860313143078647
0.0273765479853726
0.026883213625165443
0.02621370534991729
0.025779039410571566
0.02612591530632435
0.026392803785132854
0.02777315669028121
0.027363157823349322
0.025338105981352055
0.026452603996718064
0.0271964756073452
0.02573135083930392
0.027066138630774002
0.026821281807831474
0.02598358712091067
0.02612271057051348
0.02583325001666144
0.024744199722533083
0.027441227114585125
0.026058147470195765
0.028021361067308317
0.026965240170730976
0.026661617231656054
0.026378243401730287
0.026422433969838677
0.025951747182085455
0.02760880247411387
0.02773191199388748
0.0264972402780033
0.02683626016670096
0.025420274879426507
0.02620336915513235
0.026476965357514565
0.024957036119679105
0.026710316003308254
0.027881277470149145
0.025642236349095765
0.027149574203003794
0.028247018363752978
