10.0
10.0
10.12
10.97
11.88
10.0
14.74
10.0
10.0
16.69
16.03
13.72
17.78
14.04
20.49
19.15
17.05
22.17
21.84
15.25
20.46
21.84
20.93
14.14
19.56
17.7
19.48
24.93
23.85
16.73
21.87
22.88
19.68
19.25
22.25
24.25
22.77
26.88
24.11
22.39
26.24
28.12
26.11
32.27
28.38
34.01
22.67
31.8
28.5
22.8
26.96
31.11
25.93
24.35
26.86
30.29
26.91
23.43
28.38
27.9
28.6
32.63
32.22
31.82
34.01
29.84
18.33
35.71
29.59
35.11
35.77
31.63
35.06
26.06
31.58
35.93
34.1
29.61
33.53
27.7
34.35
30.52
36.57
35.0
36.5
36.27
29.58
35.44
32.74
32.34
36.06
36.02
38.26
33.51
31.59
26.84
41.83
35.85
37.44
32.31
36.03
34.43
31.55
36.71
37.66
42.26
37.29
40.45
42.75
32.59
39.18
33.86
37.28
36.2
38.73
35.66
30.21
38.7
36.67
40.85
36.26
37.84
40.38
38.58
31.12
39.46
38.41
23.44
29.25
37.68
32.1
38.41
32.33
42.61
40.16
40.73
40.11
38.2
40.79
41.07
39.91
38.09
41.5
32.87
41.11
33.66
41.12
43.5
42.08
38.01
43.34
44.45
43.61
40.35
35.97
35.78
43.86
39.72
44.13
42.22
37.07
41.39
38.57
41.7
39.87
41.88
37.55
39.75
42.21
41.72
31.79
41.32
42.05
34.61
37.16
42.17
36.7
42.12
40.89
44.56
43.09
43.28
41.55
46.09
42.97
40.64
39.09
46.34
44.17
42.37
34.01
33.74
41.73
43.47
43.62
39.35
40.36
40.89
42.56
44.85
41.36
40.57
37.81
46.36
43.71
43.5
46.08
43.17
41.28
38.45
41.42
39.05
43.9
46.66
41.05
41.24
44.09
43.09
32.92
41.4
43.92
41.41
46.23
43.84
33.42
47.33
40.25
41.29
44.5
45.72
44.01
48.58
41.77
47.73
42.66
45.09
44.7
46.26
46.92
38.41
41.74
40.71
44.81
44.07
38.38
42.94
47.44
43.98
42.94
45.42
41.17
44.89
39.7
37.94
37.68
41.96
42.79
50.39
44.63
37.18
41.27
48.42
46.92
36.54
40.45
47.64
44.79
41.18
43.96
47.07
47.0
40.54
38.97
42.09
48.55
46.27
44.51
38.46
44.21
35.53
42.02
51.04
49.02
39.93
47.97
47.46
44.0
45.21
45.81
46.45
46.31
37.4
48.01
44.23
41.72
45.7
41.14
46.9
49.58
43.33
