2.312458571624756
2.456887579345703
2.7809702335357667
2.7161514553070067
2.574286749649048
2.5041542922973634
2.455079316711426
3.087986445236206
2.589059440612793
2.3716351753234863
2.5596712253570555
2.5835275409698486
2.3969328607559204
2.416712211227417
2.2462616207122803
2.3162059043884278
2.3256176334381102
2.3587494678497314
2.084695202636719
2.513334358024597
2.1909072273254395
2.1779737911224366
2.1577541549682615
2.2798015453338625
2.1180113170623778
2.1684392240524293
2.3339108684539793
2.2490651985168455
2.0376312734603883
2.4071197597503664
2.131898002243042
2.060588859939575
2.176366216278076
2.1203790199279786
2.4676231367111208
2.019048928451538
2.031278811454773
2.057925168228149
2.031503925704956
2.091721647644043
2.0844477653503417
1.9632593948364259
2.007197389602661
1.8527539730072022
1.9443175636291503
1.8102142711639404
2.0156813743591306
1.961647536277771
1.9077703201293945
2.040257530593872
1.8986551498413087
1.8400831142425538
1.9835630393981933
1.9559901279449463
1.8912094953536986
1.9589114614486693
2.084721916770935
2.203345337867737
2.083695975494385
2.1730252506256105
1.851645294380188
1.8299526611328125
1.8503073970794677
1.815794390296936
1.7456567947387696
1.8474504390716553
2.436303026199341
1.7674990230560303
1.806696636581421
1.7722242593765258
1.735295178794861
1.8424621524810791
1.8317324661254883
2.0546624324798586
1.9136144048690795
1.7721004499435424
1.7437925006866455
1.821703330039978
1.750780828666687
1.898601583480835
1.8173085214614868
2.069184992027283
1.7980404396057128
1.7104058498382568
1.66683374710083
1.7107391290664673
2.0586560428619385
1.779504651260376
1.9232922325134276
1.9062255519866944
1.7613824798583984
1.7546368595123292
1.6973090618133544
1.8352658445358276
2.0273376987457277
2.085006615829468
1.6188544534683227
1.7439820541381836
1.6873389038085937
1.7919342290878295
1.7559858505249024
1.9119224102020265
1.9497956665039062
1.6955368494033813
1.7051025367736816
1.5918446058273314
1.657118671607971
1.6762406604766846
1.5631271276474
1.7472336681365968
1.6529139400482178
1.8016281002044678
1.7372197521209716
1.7350016902923584
1.7267967346191406
1.7746630743026734
2.036603582382202
1.6519751699447631
1.727613882637024
1.6192264862060546
1.726654556465149
1.7620929679870605
1.6143605995178223
1.6380795864105224
1.9354929721832275
1.629852379989624
1.7317251972198486
2.2477730682373047
1.9601981800079347
1.7041717794418334
1.883411884498596
1.7234755556106567
1.8734479751586914
1.6320620346069337
1.6927923336029054
1.6785672979354858
1.6176583116531371
1.7154855463027954
1.644678994178772
1.6341673107147217
1.6530908796310424
1.7376873655319214
1.59630168800354
1.838785369873047
1.586734504890442
1.9349301231384277
1.6009695697784423
1.577038019180298
1.5884342979431152
1.7188520460128784
1.5321866897583007
1.5089533777236939
1.5442280256271361
1.656669747543335
1.7884077611923217
1.9131440828323365
1.5560325397491455
1.7077886674880982
1.5316921113967896
1.5607479011535645
1.7413515996932984
1.6119843339920044
1.6423944736480713
1.6308441410064698
1.7012187824249267
1.5950658460617066
1.6884114065170288
1.6156682878494262
1.60224925365448
1.6712412502288818
1.898895108795166
1.6017814975738525
1.5738014553070068
1.880461735534668
1.7922314929962158
1.625650827407837
1.7335399244308471
1.5883813879013062
1.7043379663467406
1.5151376064300537
1.5519865293502808
1.5652735294342042
1.6009002548217774
1.472374842262268
1.5384003601074219
1.649937064743042
1.6658773584365845
1.4727960165023803
1.5338186742782594
1.6302082090377807
1.8159728668212891
1.9243407707214355
1.6205139602661134
1.562296643447876
1.5649883211135864
1.6697202507019042
1.6602375322341918
1.7458499181747436
1.6341034513473511
1.5589390117645263
1.6309688859939575
1.657963282775879
1.8832263841629029
1.4809140893936157
1.613911281967163
1.5851043922424317
1.4860841215133667
1.5634102243423462
1.6307912685394288
1.822921122932434
1.6532809965133668
1.6908216285705566
1.5644174348831177
1.4748742559432984
1.6036603567123413
1.6063631698608398
1.5413311368942262
1.6093235721588135
1.9935268196105957
1.6084891967773438
1.5585104263305665
1.6124379302978515
1.4854481285095216
1.5107759548187256
1.849763565826416
1.4440975257873536
1.6942354707717895
1.655018204498291
1.4820956665039062
1.5147696836471558
1.5208315090179443
1.4274157791137696
1.6359826238632202
1.454183769607544
1.6038822772979737
1.5124932626724243
1.5605449031829834
1.463154396057129
1.4556878385543823
1.7620298566818238
1.6777193172454834
1.7186354671478272
1.5975134035110474
1.5294608688354492
1.7531896493911743
1.603328821182251
1.4428564935684205
1.5126048908233642
1.6572052989959716
1.4867123453140259
1.687929582977295
1.5133139169692993
1.7623002323150634
1.8364182483673095
1.767031071472168
1.6312278917312621
1.6936235969543456
1.382272434234619
1.6234306108474732
1.7563113344192505
1.6025452243804932
1.4184453062057496
1.4821904816627502
1.7729950569152833
1.6809504795074464
1.4322587789535521
1.5383650604248047
1.6663193170547486
1.581367871284485
1.483868924331665
1.5310376228332518
1.773315355491638
1.7755173692703248
1.6210194068908692
1.43438492603302
1.461780605506897
1.5540935390472412
1.776632711982727
1.5698698223114014
2.015194569206238
1.6174308345794677
1.3623981546401978
1.413369934463501
1.7479427942276
1.44077104511261
1.456264739894867
1.5838313049316406
1.562782946586609
1.5521560201644897
1.545131372642517
1.5165479179382324
1.796651231956482
1.45784467792511
1.5860568176269532
1.605991627883911
1.5797263242721558
1.6385054441452027
1.4526255828857422
1.40723949508667
1.6348958337783814
