11.22
15.64
15.95
15.37
16.05
22.99
18.56
22.53
24.23
27.01
29.14
20.52
23.24
28.26
34.4
28.56
27.52
33.15
32.51
25.98
29.72
35.26
35.57
30.22
35.4
35.42
39.08
36.05
33.75
34.87
36.29
34.12
41.27
41.61
32.26
37.19
35.99
34.16
39.95
35.73
34.63
34.91
31.91
39.38
42.61
43.22
43.51
43.55
44.2
40.72
44.31
37.17
45.96
43.45
43.89
39.33
42.67
41.75
43.91
42.63
43.56
34.7
36.36
43.73
34.19
41.93
37.92
45.74
45.61
39.35
40.06
41.54
46.63
40.71
45.41
41.12
47.21
42.22
39.38
44.57
47.17
44.62
46.65
41.88
42.78
45.8
44.24
45.13
38.87
38.55
42.3
46.52
44.38
47.06
43.88
46.78
43.4
42.75
44.53
36.27
41.55
44.81
43.73
42.55
43.41
39.42
43.73
41.67
40.77
45.14
42.08
42.66
45.09
46.15
45.42
41.7
49.24
45.64
45.45
47.93
49.33
49.55
39.46
45.17
45.94
38.72
43.7
44.24
42.2
46.93
49.41
47.7
44.81
44.06
48.74
35.71
43.87
41.33
43.69
47.83
45.69
44.4
46.4
45.81
44.15
48.62
45.18
47.9
47.36
43.22
47.32
47.45
46.8
45.33
48.85
47.98
42.04
44.27
42.51
48.94
48.71
48.22
49.02
49.84
47.27
46.49
48.7
48.22
48.51
49.41
40.24
45.63
47.9
44.83
48.76
47.24
47.51
42.04
41.33
47.63
47.55
47.29
44.62
44.67
48.52
44.34
48.78
45.48
44.23
42.79
44.78
43.19
43.35
43.42
47.5
45.36
48.68
48.41
45.85
46.39
46.04
47.98
46.4
46.44
42.82
44.99
49.36
47.47
46.46
48.08
48.88
45.71
47.88
47.22
46.62
48.12
45.21
47.7
49.14
41.96
43.89
45.69
48.72
49.41
44.47
44.55
48.13
48.25
45.11
42.61
48.28
46.92
48.51
47.01
45.01
48.86
42.71
46.56
46.82
47.91
49.37
47.13
44.58
49.7
47.11
49.06
47.78
46.51
49.86
47.32
46.11
48.35
49.09
49.97
47.99
48.55
48.7
44.22
46.66
48.32
46.73
42.96
48.23
48.87
47.78
49.49
45.2
45.39
43.14
48.98
48.27
47.42
46.36
45.26
46.91
47.08
42.1
46.71
42.94
45.4
45.91
45.06
46.02
47.8
47.9
45.25
44.62
45.1
48.9
45.97
48.7
47.47
46.65
48.21
47.46
48.45
47.67
41.14
46.74
43.81
