12.96
44.1
66.47
81.53
86.16
89.46
91.08
92.36
93.18
93.87
94.36
94.89
95.13
95.28
95.57
95.69
95.88
96.07
96.2
96.23
96.56
96.52
96.73
96.89
96.83
96.84
97.02
97.13
97.11
97.2
97.18
97.43
97.35
97.37
97.48
97.61
97.51
97.74
97.8
97.76
97.68
97.75
97.82
97.77
97.8
97.75
97.87
97.88
97.98
97.89
97.84
97.97
97.93
98.0
98.06
98.05
97.9
98.01
97.95
97.99
98.01
98.14
98.08
98.07
98.16
98.12
98.11
98.19
98.22
98.3
98.27
98.27
98.27
98.37
98.3
98.23
98.34
98.33
98.25
98.31
98.32
98.29
98.33
98.38
98.22
98.27
98.31
98.25
98.36
98.37
98.32
98.42
98.46
98.36
98.37
98.42
98.4
98.46
98.44
98.43
98.44
98.43
98.42
98.47
98.56
98.46
98.56
98.57
98.44
98.52
98.48
98.46
98.46
98.52
98.49
98.52
98.6
98.58
98.61
98.63
98.64
98.56
98.53
98.62
98.68
98.64
98.63
98.61
98.57
98.57
98.71
98.7
98.66
98.54
98.62
98.57
98.58
98.53
98.58
98.53
98.57
98.65
98.6
98.68
98.7
98.66
98.54
98.56
98.63
98.59
98.57
98.59
98.58
98.7
98.64
98.6
98.74
98.68
98.72
98.64
98.7
98.61
98.69
98.76
98.81
98.65
98.7
98.71
98.66
98.68
98.67
98.76
98.8
98.7
98.76
98.77
98.66
98.74
98.73
98.65
98.78
98.75
98.72
98.77
98.7
98.72
98.67
98.79
98.73
98.76
98.8
98.73
98.8
98.72
98.71
98.78
98.72
98.79
98.75
98.81
98.78
98.82
98.84
98.81
98.78
98.78
98.83
98.76
98.79
98.76
98.82
98.81
98.77
98.78
98.75
98.81
98.83
98.84
98.85
98.79
98.77
98.77
98.69
98.68
98.7
98.78
98.8
98.8
98.77
98.76
98.76
98.75
98.81
98.82
98.76
98.79
98.77
98.8
98.75
98.75
98.77
98.78
98.8
98.82
98.84
98.77
98.85
98.81
98.81
98.79
98.81
98.8
98.83
98.79
98.88
98.78
98.86
98.78
98.87
98.89
98.88
98.83
98.76
98.82
98.77
98.77
98.82
98.88
98.89
98.8
98.83
98.86
98.81
98.8
98.89
98.81
98.77
98.88
98.85
98.79
98.88
98.84
98.7
98.77
98.81
98.84
98.78
98.84
98.89
98.83
98.87
98.81
98.87
98.82
98.83
98.78
98.86
98.89
98.87
98.87
