2.305437668228149
2.3042748474121093
2.3034185943603513
2.3023992259979247
2.3014671634674073
2.3007292915344237
2.299499557495117
2.2995669822692872
2.304122306442261
2.320890725708008
2.334151727294922
2.5500536502838136
2.3943284755706786
2.4596157836914063
2.694199938964844
3.028690439987183
2.8428886081695555
2.7374758068084715
2.6586259090423585
2.331694115829468
2.5606566638946533
2.4477875949859618
2.2902497543334963
2.753481099319458
2.4082973205566405
2.4153699569702147
2.7327737586975096
2.379542311859131
2.317379662322998
2.263894009399414
2.511055876159668
2.5798456291198733
2.447586961936951
2.2931200412750243
2.7262608737945557
2.3285648124694824
2.5250946979522704
2.15286322517395
2.207624044418335
2.4757629570007325
2.3896016078948974
2.6260578189849855
2.5335906044006347
2.3995746738433836
2.658280820465088
2.437017997741699
2.4078288776397705
2.5673180797576904
2.175761533164978
2.276083031082153
3.158402347564697
2.3790187774658205
2.524209814453125
2.350154593658447
2.3557683177947997
2.3530210264205933
2.408060395050049
2.3068781448364257
2.2907528114318847
2.6180382732391356
2.1577785415649413
2.243663370323181
2.3213815643310545
2.5155486003875733
2.758324341583252
2.4166380149841307
2.2891624801635744
2.293507037162781
2.39596480846405
2.263495840644836
2.0822942502975463
2.2054140338897703
2.2961637250900266
2.394777628326416
2.4151240924835204
2.566664433670044
2.1261248023986816
2.4549220417022704
2.368813869094849
2.235705268859863
2.3750715785980225
2.4736124168395994
2.3356361839294433
2.65266784362793
2.0186440324783326
2.0131283533096314
2.1891811475753786
2.2636505977630614
2.578832611656189
2.0589893772125243
2.1938675420761107
1.9627122289657593
2.6181181800842284
2.269418431091309
2.1858438776016236
2.4421057510375976
2.30461424446106
2.4035895458221437
2.322776412200928
2.60960204334259
2.3918026475906373
2.1233979000091554
2.2246158699035643
2.574533179473877
2.19188970451355
2.1302114109039305
2.220442485046387
1.9675881454467774
2.0819750484466555
2.0740788969039916
2.027110514450073
1.9899924545288086
2.404665517616272
2.064736744880676
2.1893772453308107
2.211520036315918
2.134662024497986
2.168255018234253
2.2329796434402467
2.2009903133392332
2.111650691604614
2.399428318786621
2.273686598587036
1.9798495706558228
2.3190953414916993
2.16976951007843
2.054991117477417
1.948341005897522
2.2065324695587156
2.0477491706848143
2.083093193435669
2.309499591064453
2.2255283828735353
2.0032486740112305
2.2790509845733644
2.3529916931152344
2.316822987937927
2.0873272197723387
2.304548291015625
2.365701735687256
2.282304438972473
2.1533902702331544
2.028665265274048
2.110527258682251
2.129305703353882
2.1729530990600585
2.3445472831726075
2.110646397781372
2.0444937236785887
2.255356031036377
2.394223509979248
2.4269853971481323
1.9541058319091797
1.9340907194137573
2.093217709350586
2.176398061943054
2.285730830001831
2.0715609582901
2.1850916622161867
2.0919023511886596
2.2106970264434813
2.09621546459198
2.466980809020996
2.216309855270386
1.9970912761688233
2.5073987743377684
2.255685863113403
2.0894153417587282
2.012470843887329
2.1685456283569335
2.4228534704208373
2.079408256530762
2.200572021484375
1.9596215476989747
1.8701798820495605
2.400985380554199
2.0658675535202025
1.9018568300247192
1.9886305873870849
2.014380523109436
1.9993813009262085
2.2305485908508302
2.17432417678833
2.1899978763580323
1.8714939727783204
1.9812304264068603
1.9745760244369508
2.0518799728393553
2.2208768684387206
1.9701280513763428
1.9160344444274902
1.9553343828201295
1.9255349159240722
3.0359420471191405
2.381064191818237
2.1654430644989016
1.9989414798736573
2.055566265106201
1.93035699634552
2.1095141036987304
1.8975129739761352
1.8465485872268677
1.9819462482452392
2.125069864273071
2.0053401962280275
1.906147152709961
1.8335278186798096
2.106980673980713
1.8135194089889526
1.8103103393554687
1.909787565612793
1.8140076444625854
2.0767152568817138
2.370953769493103
1.8888845140457153
2.0275105451583864
2.0405841346740723
1.8955991048812866
2.0322537340164186
2.236957518577576
2.304691591644287
2.1345673988342284
1.8224365787506103
1.8040598863601685
1.9262085817337036
1.9812356969833373
1.90010432472229
1.8545719060897827
1.9502373504638673
1.882438053894043
1.7351433815002442
1.7462133836746216
1.954338458633423
1.999959896659851
2.058282712936401
1.974653462791443
1.888584902381897
1.8138811283111573
1.905094720840454
1.9586130401611328
1.6940467893600464
1.7127218130111694
1.7488356290817262
1.8860839096069335
2.4537616149902344
2.2543309928894044
2.1624339597702025
1.8916751043319702
2.02610731048584
1.7030934816360475
1.828463822555542
1.7552154891967773
1.762739305305481
2.295149019241333
1.786253670501709
2.054583574295044
1.9921589000701905
1.8402826194763184
1.7082510032653808
1.8764340476989747
1.8948911180496215
1.8362104774475099
1.9110713994979858
1.842967304611206
1.7342919784545898
1.8837506065368652
1.9308784816741944
1.7615171520233155
1.9243949657440185
1.9133577688217163
1.8357180362701415
1.866823041343689
2.042710614013672
1.7871520608901978
1.8573992080688477
2.088005283355713
1.7675508226394654
1.734841271018982
1.9496488279342652
2.0023149234771727
1.7654591592788695
2.1272051475524902
1.948518770980835
2.3616155670166017
2.1084649812698366
1.8205575616836547
1.8383730638504028
1.9616857210159302
1.805838692855835
1.665383136177063
1.9352167709350585
1.8004503255844115
2.350184705734253
2.0119725406646727
1.6594531394958496
2.0597560512542725
1.819700417137146
1.7989305202484132
1.9829174938201903
1.795201491355896
