2.3106968368530274
2.4793638427734375
2.4125301555633545
2.2938017169952394
2.4099624202728274
2.3942249145507812
2.509727150344849
2.381450235366821
2.6818943187713624
1.9018128673553467
1.7468377338409424
1.6615692781448363
1.6702377922058105
1.6334750484466554
1.7063083379745483
1.8579031070709229
2.132210065460205
1.7858880657196046
2.0084454040527344
1.331114290046692
1.0129939744949341
1.2164214244842528
1.1299851577758788
1.1732140232086181
0.914377308177948
1.0033922776222228
1.0598628812789916
1.1095790361404418
0.9273282843589783
0.9118739483833312
0.9085103459358216
1.0294958795547486
1.0709026990890502
0.8074102358818054
1.1780522773742677
0.7779098116874695
0.6706180638313294
0.991294939994812
1.0985454378128052
0.9082754434585572
0.7493001879692077
0.701789522075653
0.8152388376235962
0.6301869982242584
0.6446578351974487
0.6045468929290772
0.6624257420063019
0.6348504733085633
0.5501403202533722
0.6166210879802704
0.5665742283344268
0.54939105219841
0.517246020412445
0.6046454884529113
0.5025802380561829
0.5824557650566101
0.5381107843399048
0.4684908754348755
0.5185548246383667
0.591813305568695
0.4928638129234314
0.704982491016388
0.5147630049228669
0.5100209640979767
0.5736628673553467
0.44033742718696595
0.5697254110336304
0.42725187077522275
0.393658767580986
0.4317628640174866
0.4101057745933533
0.44331275918483737
0.506140158367157
0.5292669523239135
0.49575151143074037
0.3767151103258133
0.4544784688472748
0.4177923631191254
0.45599847135543825
0.37364687507152555
0.3856057468414307
0.3509089201927185
0.40700798983573916
0.3709060069561005
0.4505394785881042
0.33570053000450134
0.35111905155181883
0.549619636631012
0.46058622207641603
0.38682359986305237
0.4155724974155426
0.41101723051071165
0.3877008086919784
0.4313379615783691
0.3663232103347778
0.3326144350528717
0.3200910697221756
0.39194364733695986
0.3812449623584747
0.3664623431921005
0.4028848639011383
0.3522042993545532
0.35568205437660216
0.3258916471242905
0.3219299357175827
0.3838330257415771
0.3408050742864609
0.36439183893203736
0.2912400738954544
0.29620386995077136
0.32090234234333037
0.33936760931015014
0.3243428520441055
0.4715623642444611
0.5201012259483337
0.5081851106643677
0.340714094209671
0.39061970853805544
0.42636723918914793
0.3150674749135971
0.2794153703927994
0.49004167699813844
0.3938412754535675
0.4538964909553528
0.31061016454696655
0.2967983087539673
0.34393980841636657
0.30946123015880583
0.30121035552024844
0.4622460971355438
0.49308459739685057
0.31971595549583437
0.3165705758094788
0.2702487040758133
0.29048981304168703
0.287236097574234
0.2790888524532318
0.2943795533657074
0.24749536445140838
0.28702813351154327
0.26446441934108733
0.28620810623168946
0.2707528468132019
0.33020418138504026
0.2639510643362999
0.41872700142860414
0.31167041804790496
0.24965189094543458
0.3323011617422104
0.25561956782341005
0.24059893660545348
0.2984149161338806
0.2749556849002838
0.26552742713689803
0.26343279404640196
0.29178798615932466
0.36566626987457274
0.2458594174861908
0.2647275167942047
0.2509061164855957
0.2704205920696259
0.2515457377433777
0.2298315778017044
0.2798256838798523
0.26445874359607696
0.27876309626102447
0.2415226053595543
0.24461666965484619
0.25548578865528104
0.24813808741569518
0.27011606619358064
0.23015338827371598
0.22717121580839156
0.24725578446388244
0.2446806592106819
0.21173965214490892
0.25250163493156436
0.21370712084770202
0.22744442870616913
0.22046576439142226
0.2180815994977951
0.30484864225387576
0.24321156721115111
0.27313829655647276
0.22012508127689362
0.2392819672346115
0.2328077694773674
0.2762435123920441
0.3223458334922791
0.26229135439395906
0.20384352432489394
0.19551159917116165
0.2142555732369423
0.2485744859933853
0.21503214861154557
0.18409887949228287
0.1881382803916931
0.21707951896190644
0.17030593895912172
0.16959547744989395
0.1871372434258461
0.17890390436649323
0.18261490824222565
0.22798325579166412
0.17410020126104356
0.18160246422290802
0.26757325258255005
0.2107269119977951
0.2525833011865616
0.349749228143692
0.21169631912708284
0.20214887759685515
0.21938459749221803
0.18476360411643983
0.15954245058894156
0.16835006895065308
0.16783825055360793
0.19950637726783751
0.2082120220899582
0.18285045331716537
0.1869032888174057
0.1802948167204857
0.17107677910327912
0.2656341758489609
0.4973392619132996
0.2292689880847931
0.18025033382177352
0.17586707472801208
0.17643272970914842
0.18787821950912476
0.16629544728398324
0.21303151018619537
0.16136101427674293
0.18049572055339813
0.20712573043107987
0.17301646119356157
0.1657611057817936
0.15074192453026772
0.15729124079346657
0.15554592669010162
0.16103507821559906
0.15841571029424667
0.1748787680029869
0.2891501981019974
0.24471757564544677
0.17428926621675492
0.17050161367058753
0.1619179802775383
0.17689035620093346
0.16770847916603088
0.17491104193329812
0.16374142504930497
0.17007429217100142
0.15200507776737213
0.19533113664388657
0.16950589635372162
0.17130368946790694
0.17246963196992873
0.13539503251314164
0.14896614342927933
0.19765405300855637
0.17549559940099715
0.1778176310777664
0.1454099797964096
0.15612797773480416
0.15809956074357032
0.17265896717905999
0.17286371299624442
0.18453917751312257
0.13510677897930146
0.14255339103937148
0.15579240620136262
0.12644253366291522
0.14715447576642035
0.15525268990397453
0.13274707958698273
0.14144314745664596
0.15860049844384194
0.13873496111631392
0.1667233290195465
0.15417560772299765
0.13644215841889382
0.14657003259658813
0.1765302335858345
0.20712000286579133
0.13985135136842727
0.1473265903890133
0.14854141696095466
0.14545063957571983
0.16079704695940017
0.14852059160470962
0.15115483718514441
0.1619872904896736
0.1595823608458042
0.1361261759519577
0.13216396684944628
0.12763767485022545
0.1471620047092438
0.15892685346603394
0.128798177754879
