10.35
10.74
10.7
10.59
10.55
10.58
11.04
11.43
11.77
11.42
10.73
10.95
11.31
11.72
11.52
11.64
12.09
12.09
11.91
11.51
11.25
10.99
11.3
11.03
11.2
11.6
12.52
13.95
14.91
15.06
15.14
15.16
15.32
15.54
15.82
16.26
16.35
16.65
17.1
18.97
19.99
20.52
21.08
21.29
21.59
21.67
21.85
21.85
22.07
22.5
22.54
23.06
23.1
23.45
23.46
23.99
24.09
24.36
24.2
24.25
24.91
25.38
25.21
25.37
26.19
26.54
26.26
26.91
27.1
28.03
27.76
28.74
28.7
28.92
29.48
28.97
29.92
30.17
30.23
29.65
30.62
30.39
30.69
31.08
31.12
30.9
31.09
31.97
31.69
32.27
32.3
32.68
32.14
32.75
32.69
32.75
33.59
32.93
33.36
33.45
33.61
34.03
33.69
34.19
34.35
34.77
34.56
34.71
34.32
34.99
35.01
35.81
35.54
36.06
36.12
35.92
36.15
36.79
36.84
36.5
36.85
37.21
37.18
37.15
37.77
37.37
37.78
37.55
38.33
38.13
38.11
38.49
38.61
38.94
38.38
38.29
38.59
38.94
39.36
38.77
39.23
39.55
39.4
39.66
39.53
40.09
39.5
39.65
40.0
40.14
40.37
40.38
40.48
40.22
40.29
40.41
40.39
40.8
40.74
40.86
41.11
40.86
40.96
41.56
40.83
41.47
41.18
41.5
41.73
41.75
41.6
41.95
42.02
41.93
42.1
42.05
42.07
42.49
42.52
42.48
42.45
42.36
42.65
42.86
42.96
42.95
42.76
42.56
42.92
43.21
42.89
42.88
42.78
43.24
43.37
42.53
43.23
43.09
43.49
42.8
43.61
43.54
43.68
43.53
43.66
43.95
43.59
43.66
43.49
43.49
43.87
43.71
43.61
43.75
44.32
44.22
44.2
44.15
44.38
44.38
44.72
44.59
44.1
45.08
44.38
44.17
44.46
44.28
44.77
44.99
45.16
45.13
45.04
44.95
44.94
44.85
45.34
44.99
45.3
45.18
45.45
45.39
45.13
45.45
45.5
45.35
45.55
45.14
45.32
45.91
45.38
45.76
45.95
45.83
45.93
46.25
45.86
45.95
46.02
45.54
45.91
46.3
46.19
46.13
46.18
46.44
45.99
46.22
46.41
46.44
46.35
46.29
46.59
46.72
46.68
46.89
46.94
46.92
46.38
47.17
46.84
47.0
47.02
47.17
46.85
47.26
47.05
46.48
47.43
47.49
47.43
47.67
47.52
47.56
47.38
47.67
47.39
47.74
47.26
47.13
