12.76
51.9
78.45
86.24
88.44
90.18
90.99
91.84
92.66
93.27
93.83
94.33
94.61
95.02
94.94
95.38
95.74
95.66
95.98
96.08
96.21
96.4
96.62
96.66
96.83
96.89
97.07
96.99
96.99
97.22
97.2
97.35
97.4
97.26
97.45
97.5
97.59
97.5
97.58
97.63
97.65
97.69
97.7
97.71
97.83
97.72
97.86
97.88
97.87
97.98
98.01
98.01
97.98
97.94
98.04
98.08
98.17
98.1
98.11
98.06
98.22
98.09
98.14
98.23
98.12
98.12
98.21
98.31
98.24
98.23
98.25
98.31
98.24
98.28
98.3
98.25
98.28
98.3
98.28
98.3
98.32
98.32
98.28
98.29
98.37
98.36
98.34
98.37
98.51
98.45
98.5
98.48
98.56
98.48
98.54
98.51
98.59
98.57
98.52
98.52
98.46
98.49
98.52
98.62
98.54
98.58
98.56
98.56
98.46
98.51
98.58
98.52
98.61
98.58
98.62
98.58
98.63
98.64
98.66
98.64
98.55
98.66
98.66
98.69
98.65
98.7
98.71
98.65
98.75
98.74
98.71
98.69
98.67
98.79
98.68
98.71
98.71
98.69
98.71
98.74
98.78
98.71
98.75
98.73
98.75
98.73
98.71
98.8
98.7
98.76
98.74
98.74
98.77
98.66
98.74
98.74
98.69
98.72
98.76
98.69
98.78
98.75
98.84
98.8
98.82
98.76
98.79
98.83
98.74
98.72
98.84
98.81
98.78
98.77
98.74
98.75
98.78
98.73
98.75
98.79
98.81
98.8
98.71
98.72
98.67
98.81
98.79
98.83
98.75
98.73
98.75
98.73
98.7
98.73
98.78
98.78
98.82
98.83
98.81
98.77
98.78
98.79
98.81
98.81
98.76
98.79
98.78
98.79
98.76
98.82
98.75
98.68
98.7
98.72
98.72
98.73
98.8
98.76
98.79
98.81
98.77
98.77
98.76
98.78
98.81
98.78
98.81
98.8
98.82
98.84
98.83
98.81
98.82
98.82
98.85
98.82
98.77
98.87
98.87
98.85
98.78
98.85
98.89
98.84
98.84
98.86
98.84
98.85
98.75
98.8
98.84
98.83
98.81
98.88
98.88
98.85
98.88
98.85
98.85
98.83
98.78
98.83
98.84
98.8
98.81
98.76
98.8
98.79
98.89
98.8
98.77
98.84
98.87
98.87
98.88
98.84
98.79
98.8
98.83
98.86
98.84
98.9
98.92
98.9
98.92
98.89
98.9
98.87
98.78
98.82
98.9
98.83
98.87
98.87
98.77
98.85
98.78
98.8
98.77
98.82
