10.0
10.34
16.82
16.71
17.73
26.35
24.1
21.02
26.02
23.72
22.84
27.9
31.79
29.53
31.72
24.08
30.51
26.71
26.75
32.75
22.81
35.59
30.62
37.24
35.34
38.37
34.17
35.35
37.02
26.72
40.56
30.78
37.52
35.33
32.41
36.06
42.09
32.19
41.93
41.28
38.38
27.76
43.49
40.25
42.93
36.71
45.28
42.32
43.54
42.94
40.61
36.97
35.72
42.52
40.06
32.71
40.81
44.17
38.4
42.19
43.57
43.94
45.22
36.62
42.27
42.13
36.29
38.92
44.12
39.82
41.63
43.44
36.84
45.99
37.68
41.69
37.3
38.85
46.65
46.01
43.64
43.7
43.65
40.43
41.95
42.5
43.03
40.28
41.6
37.41
38.31
40.02
45.64
44.07
44.95
46.16
44.53
46.33
45.38
41.78
42.99
40.13
44.09
45.3
44.05
42.38
43.82
41.31
40.77
45.33
43.12
44.48
41.57
44.48
46.6
39.53
46.94
42.7
43.59
44.62
37.89
46.35
45.07
43.91
45.13
45.25
42.35
42.7
43.64
37.8
44.42
41.38
43.33
42.86
43.77
43.59
46.26
45.88
39.79
39.93
39.92
44.29
43.56
41.35
42.57
44.14
40.94
40.99
46.39
38.96
41.7
41.38
40.39
43.67
43.49
38.63
44.69
38.11
43.49
31.62
46.23
45.99
45.33
41.11
44.49
41.29
43.76
47.64
47.81
41.11
43.97
44.86
46.49
43.28
38.26
43.12
46.0
46.84
41.5
45.76
44.36
45.93
44.41
46.08
48.36
48.17
46.92
40.65
41.12
46.67
44.74
41.68
40.78
44.42
41.82
41.98
45.92
44.58
47.11
40.78
47.41
42.93
44.57
47.35
43.75
40.48
42.08
42.6
43.28
42.65
42.9
41.26
44.81
44.1
45.82
43.54
42.76
44.77
47.25
44.23
45.0
46.26
45.61
47.01
46.15
43.68
45.82
41.05
48.21
45.83
45.96
47.48
40.44
44.58
45.04
44.44
43.26
48.32
45.95
44.42
44.78
42.57
46.78
45.24
45.96
46.54
44.19
48.04
45.67
47.26
47.92
45.59
41.81
43.95
44.7
46.94
45.38
47.46
48.93
45.11
44.59
46.68
44.52
46.18
46.4
42.17
48.04
37.25
45.85
47.81
44.75
44.87
45.93
43.67
45.16
47.19
46.29
41.6
42.87
46.32
47.7
42.47
47.44
45.96
41.75
48.58
47.4
39.41
40.45
41.16
44.06
46.87
43.39
48.69
46.36
45.17
42.86
46.15
47.91
41.54
