2.4166503101348877
2.3614228713989256
2.1417126443862915
2.2800236904144286
2.2298382762908937
2.0393085342407224
2.106493225479126
2.1181951271057127
2.053676383590698
2.067925143241882
2.057528328323364
1.8664869338989258
1.9532409553527832
1.8755897411346436
1.8636038761138916
2.3013987689971924
2.1587538471221923
2.3472754222869874
1.9495034774780273
1.8108251615524291
2.4713045639038085
1.7601663875579834
2.3256236862182615
1.7117351737976074
1.7413888916015625
1.7525637781143188
1.7793548568725586
1.7661385871887207
1.7333938720703126
2.5003089893341066
1.6954488597869872
2.2802229694366454
1.862362035369873
2.0700009698867796
2.0988540908813476
1.9128180063247682
1.6473363933563232
2.2867663566589354
1.7087775001525878
1.6847476997375488
1.8403690210342407
2.5767686870574953
1.6366946367263795
1.8219786409378051
1.70959281539917
2.0475325447082517
1.6381627897262574
1.7252747526168823
1.8439926082611084
1.7184963123321533
1.856395435333252
2.086716616821289
2.1689210510253907
1.7647136980056763
1.8821967666625976
2.4450008127212524
1.926982846069336
1.7287049732208253
2.155894903945923
1.8017803562164307
1.7508515117645265
1.7847907772064209
1.6875979129791259
2.265299900436401
1.8249471269607545
1.8625092842102051
2.3574200595855714
2.0678961782455443
1.8110350507736206
2.023868121910095
2.007375605964661
1.8588559953689576
2.168824133491516
1.6732165479660035
2.1484937774658204
2.062260870742798
2.3700536739349367
2.056341114616394
1.6745597154617309
1.7335113222122192
1.8457426565170287
1.8565564277648925
1.9018005514144898
2.1473030967712403
2.027019716453552
2.1716872760772703
1.888576940536499
2.1825954753875734
2.2154531173706054
2.2630728286743165
2.198835758590698
2.0322495788574217
1.7583667993545533
1.899781623840332
1.9257930255889892
1.8625569988250732
1.9088252870559692
1.7833509859085084
1.864326300239563
2.1123860412597657
1.9410593883514404
2.2129686767578125
1.9837046585083007
1.9084195873260499
1.9122059732437133
2.0304766860961916
2.003192028427124
2.28685994682312
2.193511211013794
1.870092053604126
2.0007082725524903
2.098833326339722
2.0492270645141604
1.8855693592071534
1.8001636377334596
2.33482158203125
1.8521228723526002
2.2243674823760986
2.1164619903564454
1.9537298446655273
2.434059701919556
1.7999240488052368
1.8329139722824097
2.030481296157837
1.8633438064575196
2.033264241409302
2.2109482358932495
2.102525975036621
2.055552102279663
2.624528646469116
2.063610751724243
2.0648719581604005
2.12803102684021
2.224711572265625
2.0972336849212647
2.1322765874862672
1.9035361225128173
1.9450639099121094
2.360128646469116
2.370179069519043
2.3903610301971434
2.2055753955841064
2.117482863807678
2.2347555583953858
2.203976839828491
1.9259066219329835
2.33636104888916
2.3927782890319826
1.871917889404297
2.621172943878174
2.2963519886016845
2.3571176845550537
2.3173821197509765
2.084894753074646
2.1773209983825685
2.57586541557312
1.9495226341247558
2.590344865036011
2.0289908670425416
3.5312263412475584
1.9353860258102418
2.009631396865845
2.0213792272567748
2.356412219619751
2.0808327598571776
2.3366558013916015
2.249699505996704
1.9056658493041991
1.9257349975585938
2.3453074558258056
2.1291978935241698
2.0938501346588136
2.0272596542358396
2.10268482131958
2.759463945007324
2.221868900680542
1.951783469390869
1.949313731765747
2.5643988521575927
2.109891862487793
2.2306450828552244
2.11932858581543
2.214869889831543
2.030964066696167
1.8408721242904662
1.9119300075531005
2.016882411956787
2.4020161674499514
2.5195663440704346
2.000623027038574
2.0684015098571775
2.3101429904937745
2.549536996459961
2.068972219657898
2.3711336318969725
2.349299811553955
1.9619859966278077
2.1006803531646727
1.9474428539276123
2.4500409061431885
1.8962629430770874
2.2828888233184816
2.276171647262573
1.917347406578064
2.235283406448364
2.3892505283355714
2.465351678466797
2.3971210929870606
2.2269412887573243
2.297826229095459
2.38791696434021
2.479179032897949
2.0924984951019288
2.297701082611084
2.1221375160217284
2.175617044067383
2.392321751213074
2.1798666343688966
2.0752933155059816
2.259336484527588
2.3249580488204957
2.1079559654235838
2.076408455276489
2.0541740282058716
2.0834186653137206
2.399821173477173
2.004169083213806
2.41924677734375
1.9973919578552246
2.1171023838043213
2.2424825603485106
2.0112024299621583
2.7019511108398437
2.261549122238159
2.332469506072998
2.2394526382446287
2.3251561695098877
1.9249051750183106
2.235703899002075
2.341020822143555
2.3159707347869873
2.50035573425293
2.0288615100860596
2.121654613494873
2.0998303108215333
2.1036154483795166
2.2776976329803467
1.964464573287964
2.1316292610168457
2.055516010284424
1.980722894668579
2.3535332935333253
2.4591259346008303
2.3546939708709718
2.3535508819580078
2.159934199142456
2.2603392490386964
2.2426706226348876
2.0039911197662352
2.2876710948944092
2.2775332191467283
2.150401287460327
2.4704896057128907
2.1639336002349854
2.090167875289917
2.5157636264801027
2.0340113746643067
3.156270949935913
2.1871216274261474
2.1156628459930418
2.3056009033203124
2.3688148811340333
2.1627639430999754
2.4220062042236328
2.3159569580078125
2.154832476043701
2.211282155227661
2.6105752565383913
2.697371129989624
2.1477422309875487
2.036719072723389
2.589169769668579
2.0653657634735105
2.2149437019348146
2.6042487010955813
1.9786488704681398
2.1582489337921142
2.754633208465576
2.8786841598510744
2.6116133476257324
2.468884687423706
2.1473015617370605
2.703465620803833
2.1863851791381834
2.508601616668701
2.307036977005005
2.510702717971802
2.214332438659668
2.1526199630737306
2.767376819610596
