8.91
9.13
8.79
8.68
8.13
8.36
8.55
8.92
9.31
9.72
9.62
9.48
9.27
9.35
9.27
9.42
9.71
10.05
10.15
10.66
10.94
10.91
11.17
11.45
11.18
11.59
11.68
11.88
11.32
11.41
11.13
11.89
11.51
11.39
11.38
11.16
11.12
11.47
12.05
12.09
12.2
12.92
13.29
13.36
13.29
13.65
13.92
14.16
14.84
14.52
15.0
15.18
16.0
16.94
17.59
17.77
18.58
19.34
19.87
20.47
20.35
20.16
21.48
21.39
22.04
21.91
22.45
22.67
21.77
23.57
24.23
24.88
24.75
25.34
25.86
25.44
25.59
25.68
26.68
26.69
26.28
26.69
26.75
27.08
27.43
27.33
27.36
27.39
27.87
27.69
28.37
28.31
28.27
28.1
28.29
28.55
28.47
28.74
28.79
28.6
28.93
28.76
29.34
29.57
29.77
29.4
29.72
29.61
29.82
30.43
30.37
30.33
30.51
30.86
31.13
31.01
31.06
31.33
31.56
31.86
32.07
31.71
32.35
32.07
32.73
32.51
32.99
33.03
32.84
33.24
33.56
33.37
33.71
34.09
34.28
34.42
34.97
34.92
35.15
35.36
35.62
35.25
35.56
35.82
36.19
36.2
36.19
35.99
36.44
36.89
36.68
36.59
37.11
37.02
36.81
37.02
37.13
37.11
37.7
37.41
37.43
37.59
37.93
37.99
37.65
37.87
37.81
38.18
38.17
38.2
38.66
38.91
38.54
38.89
38.58
38.77
39.09
38.94
39.15
39.55
39.74
39.52
39.69
39.94
40.63
40.23
40.02
39.99
40.07
40.41
40.57
40.74
41.0
41.12
40.96
41.05
41.29
40.78
41.49
41.6
41.66
42.07
42.07
42.17
42.1
42.49
42.53
42.48
42.31
42.71
42.91
42.62
43.1
43.24
42.96
43.18
43.31
43.41
43.59
43.39
43.73
43.38
43.63
43.56
43.67
44.16
44.08
44.21
44.08
44.27
44.32
44.05
44.86
44.72
44.5
44.88
44.37
44.68
44.91
44.67
44.81
45.04
45.13
45.16
45.09
45.51
45.11
45.83
45.35
45.52
45.98
45.81
45.97
45.52
45.84
45.72
45.6
45.9
46.04
46.19
46.39
46.09
46.41
46.33
46.41
46.61
46.7
46.72
46.55
46.65
46.67
46.95
47.11
46.96
47.21
47.15
47.01
47.12
46.71
47.13
47.31
47.66
47.75
47.63
47.46
47.55
47.65
47.63
47.77
47.84
47.59
47.75
47.97
48.01
48.05
47.78
47.92
48.41
48.31
48.24
