10.2
10.0
14.6
10.0
16.71
13.8
15.17
14.46
19.23
16.93
19.01
16.76
13.2
17.64
12.27
14.57
15.44
13.6
21.22
20.03
23.21
17.11
16.97
26.69
22.14
24.5
27.47
12.33
22.13
23.22
23.14
25.51
23.83
23.17
17.23
27.99
26.8
25.0
30.72
31.36
32.18
25.11
28.8
30.59
29.08
27.15
25.68
22.8
34.75
30.29
24.22
29.83
30.48
34.43
22.72
24.96
31.76
28.15
34.56
34.21
30.35
33.91
29.48
33.59
37.16
30.69
26.02
25.37
38.4
39.05
30.0
36.57
38.21
32.09
37.4
28.67
39.4
36.43
41.33
33.75
31.86
38.89
40.05
23.49
31.82
38.03
39.63
37.09
36.48
29.48
40.14
39.99
29.53
39.7
32.58
35.56
31.32
36.48
35.58
39.4
37.95
37.28
30.04
31.5
34.6
39.52
38.72
41.18
40.14
40.59
41.17
41.13
44.05
34.59
42.52
42.11
40.29
33.3
43.72
42.7
43.16
40.3
42.47
32.3
37.27
32.75
39.78
42.66
40.94
43.33
43.1
37.13
30.21
36.78
41.76
40.69
38.41
39.87
41.42
38.33
44.88
38.78
45.48
42.08
40.21
33.51
40.75
40.0
43.57
38.91
35.59
46.18
40.03
46.12
43.24
36.89
45.92
45.71
35.73
44.95
47.37
44.59
40.28
42.77
40.33
41.48
41.59
44.55
38.78
45.83
44.93
42.48
46.98
34.86
33.27
33.75
42.07
39.79
45.52
46.58
39.2
43.91
45.79
42.46
42.2
42.65
44.51
44.52
45.9
47.83
41.24
43.99
39.77
45.1
44.63
43.37
45.87
44.81
25.45
44.93
37.21
39.83
43.28
40.78
37.85
37.81
41.64
47.12
46.84
42.73
40.21
50.27
43.91
47.22
49.2
42.61
44.5
44.15
44.95
42.8
43.84
41.31
48.42
48.92
44.52
44.29
42.84
45.21
45.73
45.43
44.77
45.03
45.98
46.97
38.18
45.37
44.05
47.87
43.39
43.22
45.21
45.59
44.69
46.43
48.14
44.46
49.79
46.15
44.46
44.01
43.77
47.69
47.29
50.83
41.41
35.72
47.59
47.55
45.72
48.39
40.93
43.55
45.81
44.68
45.82
45.41
42.18
39.53
41.49
46.53
50.69
45.04
41.33
33.58
39.54
45.93
46.93
48.4
41.26
43.99
44.07
47.03
49.57
46.85
48.94
50.55
50.14
47.19
51.87
41.77
44.5
50.46
47.69
42.87
49.45
30.82
44.67
44.35
49.72
52.22
