2.3403749069213866
2.744787957763672
2.546073675537109
3.229398072052002
2.5343692596435545
2.85775470161438
2.6422767517089842
2.912975114440918
2.302243244552612
2.1777538568496704
2.3216431888580322
2.5265855194091795
2.5235283641815185
2.2168746112823485
2.451501098251343
2.1981776664733887
2.4287558479309084
2.3940513305664064
2.12418044128418
2.1760118282318115
2.162698567581177
2.2343239702224733
2.303287693786621
1.9790717180252075
2.245582787322998
2.2333995697021485
1.9779489978790283
2.652574490737915
2.1238271118164063
2.06320574054718
2.011365734100342
2.0641449348449705
2.1013498264312744
2.1570218921661377
2.5359194328308106
2.230425626754761
2.2620023180007935
2.1607478618621827
2.025587463378906
2.052787237930298
1.8147194648742675
2.0278187744140626
1.9809257287979125
1.9442447725296021
1.9472715869903565
2.133552116012573
2.001211350631714
2.169879767417908
1.7547679746627807
1.9057137786865235
2.3328725830078123
1.9732323892593384
2.100443381500244
1.845561714553833
2.185076263046265
2.112523503112793
1.8588185089111329
1.9606678325653075
1.7892581661224365
1.812104313850403
1.95728495388031
1.757813057899475
1.8596258739471436
1.8107761810302734
1.7609097831726075
1.9433845542907715
2.2808968868255617
2.1293819562911986
1.7465454446792603
1.6704434707641602
1.9659884899139404
1.8003322614669799
1.740184796333313
1.7862358850479125
1.803181308746338
2.0926979412078857
1.6781546087265016
1.7656383907318116
1.6279105888366698
1.8240292163848877
1.9416591623306274
1.6770767148971557
1.6962143335342408
2.483854945755005
1.9160413288116456
1.6893921739578248
1.645399271583557
1.7378303243637085
1.7656979972839355
2.074037382888794
1.798264510345459
1.6733753356933594
2.0195663677215574
1.7057142833709718
1.8957693157196045
1.7748570026397705
1.8641495460510253
1.8147153087615966
1.9590503486633302
1.6698748149871827
1.8506944997787476
1.7597006843566894
2.1517928802490234
1.9047862567901612
2.075222583770752
1.685450217819214
1.7689033241271972
1.6381888633728028
1.6875800430297851
1.6636197515487672
1.633859239768982
1.705538836288452
1.538666157913208
1.9539944438934327
1.59208557472229
1.5822319938659668
1.6747764280319213
2.0918859226226805
1.549781589126587
1.6276260585784912
1.621363440322876
1.9010426712036133
1.5765218803405763
2.2565479766845704
1.8248182537078856
1.914761170578003
1.8775903945922852
1.6461801805496217
1.652026707649231
1.5598135704040528
1.6326632509231567
1.8110768739700318
2.274789988327026
1.9941247562408446
1.6090042699813842
1.756358374786377
1.7935738655090332
1.7988908683776856
1.704033808708191
1.8850251344680786
1.6365633953094483
1.7367830303192138
1.5656979921340943
1.638629768371582
1.7807685354232787
2.229633049964905
1.6526122213363648
1.7060252874374389
1.614403551864624
1.720382082748413
1.9376175596237182
1.5703569026947022
1.7159866455078125
1.5574736015319823
1.6663787717819214
1.8419796440124512
1.5354625999450684
1.5279512760162353
1.8635651100158692
1.578494550895691
1.5531442804336548
1.6161633869171144
1.866789768600464
1.60382136592865
1.7186750537872315
1.6089378168106079
1.7981220249176026
1.6248077150344848
1.7666009740829467
1.504795799255371
1.6305176639556884
1.7010763940811158
1.5069826013565064
2.248666851425171
2.0015242710113523
2.061262601661682
1.7005240262985228
1.7632617485046387
1.5655044469833375
1.5205465255737305
1.8392789489746093
1.6282587097167969
1.5705402804374695
1.6726032424926758
1.6828270517349244
1.6184829973220825
1.6338570737838745
1.627659439277649
1.6024705625534057
1.5462801706314087
1.754613179397583
1.6475463150024414
1.8434841651916505
1.6025588432312012
1.703585581588745
1.6409866868972778
1.56811784324646
1.5820703927993773
2.9576177719116212
1.6651446716308593
1.9269101455688478
1.7832196794509887
1.6945550310134887
1.7059929321289062
2.069714250946045
1.9571172777175903
1.8077867414474487
1.523981918144226
1.611067742538452
1.7288245763778687
1.7366942039489746
1.4103153774261474
1.6588678199768065
1.5446200374603272
1.4652546232223511
1.8828628883361815
1.6041576084136964
1.7443624687194825
1.7049468353271484
1.705714478302002
1.6908985404968262
1.7777781372070312
1.5865319644927978
1.4876429145812988
1.6424123809814453
1.6477319797515868
1.8671709663391114
1.6339729120254516
1.6126447952270508
1.610473108291626
1.6313537824630737
1.6206156763076782
1.6537740619659425
1.571884369468689
1.9238074043273925
1.6552677913665772
1.6974066097259521
1.5111991971969605
1.6779677333831786
1.7885156265258788
1.6611870491027831
1.7569824365615845
1.8828739603042604
1.6332712249755859
1.5437276372909545
1.7597059127807617
1.4371345285415649
1.6349160047531128
1.7601419340133666
1.67036948928833
1.7838273069381714
1.5371599102020264
1.5794009140014649
1.427499422454834
1.9001741409301758
2.144639387512207
1.578375721168518
1.5442989070892335
1.6949906894683837
1.4942563158035278
1.8856327087402345
1.7298707126617432
1.6350087278366088
1.7323305477142334
1.6808891649246216
1.6620853158950806
1.7580985361099244
2.011022000312805
1.8766244247436523
1.6068282680511474
1.462126406478882
1.7194006868362426
2.0276343376159667
2.550257970046997
2.0525747623443604
1.7062683366775513
1.5898185039520263
1.6043138349533081
2.129839805984497
1.8003563405990601
1.8430570934295654
1.7103606769561768
1.5292453447341918
1.6151021869659423
1.6420955074310302
1.5157458892822266
1.5201487190246583
1.7329219734191894
1.4549271692276
1.7782149154663085
1.849701342010498
1.4912895053863526
1.625723916053772
1.89984503326416
1.510755291557312
2.6477230838775636
1.7529496013641357
1.732183863067627
1.4971752990722655
1.40951229057312
