87.99
92.9
94.96
95.98
96.46
96.78
97.1
97.26
97.49
97.66
97.71
97.87
97.81
97.88
97.94
98.08
98.2
98.32
98.29
98.21
98.29
98.33
98.45
98.43
98.38
98.48
98.5
98.52
98.58
98.58
98.58
98.6
98.65
98.66
98.66
98.64
98.61
98.6
98.64
98.77
98.68
98.75
98.8
98.79
98.75
98.76
98.73
98.78
98.88
98.84
98.8
98.83
98.83
98.86
98.76
98.84
98.76
98.75
98.78
98.84
98.87
98.82
98.89
98.8
98.8
98.9
98.9
98.95
98.94
98.94
98.85
98.94
98.93
98.88
98.94
98.91
98.86
98.86
98.89
98.92
98.88
98.94
98.93
98.94
98.99
98.99
98.92
98.94
99.01
98.96
98.98
98.92
99.0
98.95
98.98
98.88
98.89
98.89
98.88
98.87
98.93
98.94
98.95
98.96
99.0
98.99
98.93
98.96
98.95
98.94
98.92
98.94
98.92
98.96
99.0
98.98
98.98
98.97
99.02
99.03
99.04
98.98
98.98
99.03
98.98
98.93
98.92
99.0
99.01
99.0
98.99
99.01
99.01
98.97
98.95
98.97
99.02
99.0
98.99
99.02
99.01
99.01
99.0
99.02
98.94
98.98
99.01
98.99
98.99
98.98
99.04
99.07
99.02
98.98
98.96
98.99
98.94
99.0
98.93
98.99
98.93
98.97
98.96
99.04
98.97
99.01
99.03
99.0
99.02
99.04
99.05
99.08
99.02
99.09
99.07
99.05
99.1
99.04
99.05
99.06
99.05
99.03
99.02
98.98
99.05
98.99
99.02
98.96
99.01
99.05
99.05
99.07
99.07
99.09
99.07
99.08
99.03
98.99
99.05
99.07
99.04
98.96
99.02
99.08
99.09
99.08
99.08
99.04
98.99
99.04
99.04
99.04
99.08
99.09
99.1
99.06
99.03
99.0
98.99
98.97
99.01
99.0
99.0
99.03
99.08
99.01
99.05
99.02
99.09
99.08
99.06
98.99
98.99
99.06
99.05
99.05
99.0
99.03
99.06
98.97
99.04
99.01
99.08
99.0
99.02
98.98
99.09
99.06
99.0
98.99
99.06
99.05
99.02
98.99
99.06
99.02
99.05
99.07
99.05
99.04
99.04
99.01
99.04
99.06
99.01
99.03
99.05
99.01
99.03
99.01
99.01
99.02
99.02
99.03
98.96
99.01
99.04
99.01
99.04
99.03
99.05
99.05
99.0
98.93
99.05
99.0
99.01
99.06
99.03
99.01
99.02
99.03
99.06
99.06
99.08
99.06
99.12
99.12
99.08
99.02
