0.41459306831359866
0.2339400952935219
0.1712844803839922
0.1354226182334125
0.11777230285592377
0.10688861291622744
0.10094850252056495
0.09497587302313186
0.08857914192872123
0.07873728978764266
0.07886920092392247
0.07733507362700766
0.07324497299927753
0.07097757259663194
0.06699865248572315
0.0653287503079744
0.06311686804958154
0.05941431513049174
0.05891568587165093
0.05971580122763989
0.05803246979604591
0.058323344241158336
0.05487106447110418
0.05528934045285568
0.0535814561080304
0.05336936977439327
0.0511638163876778
0.05146426889736904
0.051522562988183924
0.049719420922204154
0.04973226028176723
0.04982714254790044
0.047567008732957765
0.04766975440060487
0.0471617493231548
0.04859101425202389
0.048074680711425025
0.04750327562072489
0.04608961194096482
0.04552337529336801
0.04436984235929849
0.044330491554993204
0.04341472823409859
0.043666815843828956
0.04512457615097519
0.046681990879875956
0.04598896952965006
0.044388899528302134
0.04305801295182464
0.042731068261535256
0.04290047274368699
0.042201458684226964
0.04205335958302967
0.04170480315707246
0.04235608587630268
0.04119813548110251
0.042253299345502454
0.041123090489303286
0.04128698316082009
0.03946717073737818
0.039728916198226216
0.040187336149119075
0.04010877507872065
0.040766656644096656
0.039183300640273956
0.039676575588023115
0.03865191454156884
0.037402582613285634
0.038028163035979376
0.03928670928563515
0.04019403185565243
0.03974298853962828
0.038898313328874064
0.03897227664691091
0.0386212111598732
0.037967203430019435
0.03979265005983761
0.03908949220489158
0.040147796173168174
0.03922170801925022
0.04033056735370701
0.039356507226939355
0.03760617026002547
0.03849225438854264
0.037404060731478964
0.03857828269777456
0.03714721678340284
0.03815528904654347
0.0365081830256393
0.038274819631128776
0.036766595581265576
0.03860951944844819
0.037772737491582484
0.03694018601569914
0.03587502669677561
0.03781817069124081
0.037454533445999916
0.03741492884816071
0.037821282593514846
0.03711506059019157
0.03597492229235795
0.03605013291575487
0.036530262173749176
0.03749858113332448
0.036894694459411584
0.03580183238296886
0.03746593542371411
0.03778236261268721
0.038158462801761196
0.039049176361666466
0.03829319142136373
0.03714255344409903
0.03819392844684298
0.03744893805778593
0.037534299568122334
0.037337103989252864
0.03581728921531103
0.03754724637472573
0.035030955198555605
0.03622395426358744
0.03521297775471103
0.03500492315058236
0.035639602178446875
0.036126696993563384
0.03745668867562563
0.0373946369919282
0.037317412466179666
0.03582017793923478
0.03549999699512773
0.0357751145006594
0.035710078376507956
0.0358236903574998
0.03772543690298371
0.037650849666379875
0.0382350025393338
0.03840587747529425
0.03693536604754554
0.038843218291363515
0.038942325757095386
0.037315145087205744
0.03785372164417604
0.03587630225349239
0.035541133647922836
0.036343180926787316
0.03632122852395005
0.03688902470752146
0.036756928744491234
0.03617132297150947
0.037362689809609856
0.038148420752972194
0.037731764951232254
0.03566005932037897
0.03622993757124732
0.036278795773500676
0.036680559242027996
0.038250722721396235
0.0383058634954401
0.037310968236563165
0.038797818216658564
0.03826754234138789
0.03797219834323623
0.03580093171573317
0.037257683606225694
0.03620176777556917
0.036472564693829555
0.03644552720432166
0.03590780711145817
0.03661069088466184
0.03717109529106219
0.03650495241957988
0.036089945668206475
0.03660330124802131
0.03696076074919547
0.03643419888423232
0.03550776949567298
0.03655332868408359
0.035052733126499515
0.03467913471245447
0.035124159257042264
0.03444530266912698
0.03562650940863568
0.035063370127377855
0.03578761278969396
0.03623960291399871
0.03636601813314555
0.03702603268159601
0.03673400735400301
0.03712456902708909
0.03740078241504525
0.03688251675466799
0.03693483363489522
0.03695797864166789
0.03744466632656568
0.036657606709125774
0.036846914064124575
0.03619025990584405
0.036065708978645944
0.03666813711396817
0.037426326759054794
0.03696270115648258
0.03746145713299211
0.0378669016429475
0.03727890369455563
0.036245856758021
0.03704335086498804
0.038872851227739195
0.03891603910318699
0.038922277231816405
0.038871533977920626
0.038313305496928664
0.039167535548682464
0.0373885411331401
0.037739273699463685
0.038725502847023564
0.03823573517492205
0.037111419965591766
0.037700488747735926
0.03943455386666947
0.0395600962642935
0.03989976118397935
0.04005949759141076
0.039847052764394264
0.039194190129894016
0.0411634718195598
0.03964524740309116
0.03905127989803923
0.03899651379703473
0.03963263503573548
0.03712282453630305
0.03835470413036346
0.03881434343743594
0.03904896117746066
0.03839818021622941
0.039236420801064015
0.03841224193639842
0.039358636213020645
0.038976745007588236
0.0395921814921815
0.039561059668036615
0.041153398333884296
0.03900414152358944
0.04009909574604794
0.03875576272999506
0.040246931249539555
0.03926026291281532
0.040292161382417
0.03989902489394658
0.03999660370877741
0.041345838193298484
0.04035776102683503
0.03900608697668485
0.04032149490069205
0.040564429114477205
0.04020129370249752
0.04044186778763642
0.039505134158318286
0.03952902385361717
0.040454997571752846
0.040093938072346506
0.03946308622193246
0.039917099798548364
0.04047187680895183
0.04006052664984644
0.03925450954427674
0.039606822085063505
0.04033708705729962
0.04027732653005469
0.03967359533187387
0.040049188062760616
0.041392453167484064
0.04065053795742194
0.04124176571636087
0.040799826506643946
0.04187694830485137
0.0433316493801449
0.043214621407579465
0.043254404511829284
0.04297360707469944
0.04219473787359168
0.04237764259627528
0.04063977396053248
0.04046464510541734
0.041112623025031624
0.042184113858137945
0.04093003644990093
0.04192697577649905
0.04100701823481977
0.041200582030274824
0.04161798321189271
0.04212358880053498
0.041912393597485734
0.041021598468364506
0.04093327209179
0.0412502792858759
0.04173415364546977
0.04250350860866883
0.040958992058365756
0.04156086226645948
0.041482757619914684
0.04034357908493214
