10.0
10.14
13.52
13.62
13.88
14.11
12.68
13.38
16.87
15.39
16.17
21.11
22.7
23.62
25.07
25.57
27.92
29.17
30.55
31.64
32.88
33.77
34.17
34.99
35.47
36.7
37.08
37.29
38.33
38.79
38.88
40.34
40.36
41.25
41.56
42.59
43.02
43.49
43.63
44.35
44.9
45.38
45.12
45.96
45.65
46.3
46.5
47.36
47.71
47.78
48.27
48.46
49.38
48.89
49.78
49.94
50.38
50.48
50.11
51.0
51.57
51.32
51.87
51.95
52.2
52.44
52.38
52.69
53.23
52.83
53.32
52.83
53.31
53.73
53.36
53.93
53.48
54.08
54.28
54.42
53.52
54.44
54.13
54.29
54.68
54.84
54.73
54.73
54.71
54.91
54.59
54.94
54.51
54.79
55.12
55.21
55.32
54.75
55.44
54.93
55.58
55.22
55.46
55.59
55.31
55.92
55.49
55.91
55.78
55.7
55.62
55.5
55.87
55.42
55.83
56.12
56.29
55.68
55.76
55.55
55.64
55.49
56.13
56.02
56.18
56.02
56.33
56.06
55.86
55.71
56.25
56.38
56.68
55.77
56.51
56.4
55.9
55.78
56.41
55.84
56.31
56.56
56.45
56.17
56.1
56.16
56.14
56.4
56.11
56.87
56.49
56.26
56.2
56.47
56.44
56.31
56.29
56.6
56.3
56.34
56.44
56.56
56.84
57.01
56.46
56.87
57.11
57.04
57.62
57.17
56.95
56.61
56.79
56.88
56.82
57.25
56.91
56.92
56.82
56.77
56.73
56.97
56.94
57.45
57.22
57.05
56.73
56.95
56.96
56.96
57.3
57.08
56.99
57.27
57.7
57.16
56.85
56.82
57.3
56.78
57.18
57.22
56.83
56.54
57.07
57.33
57.37
57.15
57.18
57.16
57.24
57.31
57.18
57.31
57.18
56.78
57.1
57.34
57.39
57.15
57.09
56.94
57.06
57.44
57.49
57.26
57.33
57.31
57.59
57.1
57.66
57.57
57.36
57.33
57.39
57.59
57.3
57.6
57.51
57.52
57.13
57.36
57.52
57.27
57.39
57.54
57.14
57.32
57.38
57.55
57.27
57.17
57.46
57.69
57.44
57.42
57.66
57.48
56.9
57.41
57.47
57.76
57.39
57.5
57.45
57.62
57.64
57.47
57.71
57.4
57.45
57.69
57.35
57.51
57.7
57.43
56.87
57.16
56.84
57.14
57.11
57.33
57.21
57.16
57.63
57.12
56.95
57.22
57.39
57.44
57.29
57.24
57.08
57.53
57.44
57.59
57.18
57.61
57.42
57.16
