2.302654006958008
2.3018787990570067
2.301180369949341
2.300120397186279
2.2988020416259767
2.2970850940704346
2.2940038063049317
2.2894879402160644
2.281692413330078
2.2654297687530516
2.2415750034332276
2.210435015487671
2.175095873260498
2.135569490623474
2.0908328718185425
2.0565160747528077
2.021069518661499
1.9867307800292968
1.9523258813858033
1.917780477333069
1.8897725372314453
1.8687770021438599
1.8429615016937255
1.8220618755340576
1.7992355113983154
1.7759519639968873
1.7513429399490357
1.7317954301834106
1.7051742788314819
1.6862027235031127
1.6693674797058105
1.6414583581924438
1.6285442768096925
1.6108239637374877
1.5965656526565553
1.5779503000259398
1.5708731189727783
1.553185459136963
1.544612158203125
1.534470888710022
1.5221460149765014
1.5126485502243041
1.5086724058151244
1.4973907455444335
1.4999384048461915
1.4855829496383668
1.4763640188217164
1.464702882385254
1.4549768339157105
1.4554980741500854
1.4419721994400025
1.430879979133606
1.4280568944931031
1.420442107963562
1.4138594434738159
1.4128135940551758
1.4039651300430298
1.408534051513672
1.4076134344100952
1.3939030124664307
1.3812467086791993
1.3835298397064208
1.3748120431900024
1.3780107313156127
1.3757159244537354
1.3741602668762207
1.3737349590301513
1.3621802701950074
1.3590916645050048
1.3630195569992065
1.3590674201965331
1.3674821969985962
1.3652414037704468
1.3455791454315185
1.3591388149261474
1.3511774194717407
1.35411997051239
1.3509602010726929
1.351909924697876
1.352015182685852
1.365559794807434
1.3599985984802245
1.3526129606246948
1.3654536092758178
1.3587939931869506
1.3635620155334474
1.3725519876480103
1.3672956212997436
1.3716315153121947
1.363118487739563
1.374073518371582
1.3763440801620483
1.3865049234390259
1.38493104763031
1.3889942728042604
1.3640476718902588
1.3717278909683228
1.378492682647705
1.391797367477417
1.3851321662902831
1.3771339729309082
1.3907605939865113
1.3983205327987671
1.3781824455261231
1.4081776473999024
1.3976883556365967
1.3989963275909423
1.4054792722702025
1.4032475736618042
1.409805195045471
1.4104099071502685
1.415952244949341
1.410697896003723
1.4304002803802491
1.4307755168914795
1.4360058288574218
1.458057908630371
1.4693720697402954
1.4648524436950683
1.4809610467910768
1.47673823261261
1.4669322086334229
1.4656136827468873
1.4756219619750977
1.464490843963623
1.4637682203292848
1.4601275644302367
1.4718617359161377
1.476076239013672
1.5155305379867554
1.4826868350982667
1.5048475120544433
1.497535708618164
1.5144802185058595
1.490501322746277
1.493161944770813
1.5188909404754638
1.4958072345733642
1.5134089303970337
1.486477735710144
1.5121937059402466
1.4921409908294678
1.5048158143997192
1.5202344284057616
1.5210486530303955
1.5357539335250854
1.548848138999939
1.5258465658187865
1.5116614206314087
1.5219370304107667
1.5263275068283082
1.515750346183777
1.525982225227356
1.555800631904602
1.5481528383255005
1.5409235620498658
1.5368074142456054
1.5677206523895264
1.560207130241394
1.57195036277771
1.5173398719787599
1.5513982500076293
1.5585342794418335
1.5387588491439819
1.5293412338256835
1.5530996137619018
1.5753042072296142
1.5826684242248534
1.601562883758545
1.5576736179351807
1.5644000526428223
1.5505144733428955
1.5861023937225343
1.5714094272613526
1.551133331489563
1.5753934577941895
1.5469080422401429
1.5645044355392457
1.5536778568267822
1.57923995513916
1.5647750871658326
1.5770985017776489
1.5945898342132567
1.5926620548248291
1.563455548095703
1.5728131414413453
1.5897750900268555
1.5956461038589478
1.612887900352478
1.6068932453155518
1.6052455430030823
1.6058638050079346
1.6039620174407958
1.5905160024642944
1.6137756099700928
1.6049535785675049
1.5950740154266358
1.5970052396774292
1.6211841974258423
1.5707262924194336
1.6286714420318604
1.600276502609253
1.613252449607849
1.611604339981079
1.597918134689331
1.617760666656494
1.621557067489624
1.636950518798828
1.6028843046188355
1.6223054996490478
1.641341983985901
1.629806358909607
1.6375532625198364
1.6299340543746947
1.637461190032959
1.642245143699646
1.6493114312171937
1.6269743258476257
1.6475035789489747
1.6490677143096923
1.6740689393997192
1.6687302473068237
1.6379944038391114
1.667144068145752
1.6499266139030457
1.6511959045410156
1.6715076123237609
1.6747995376586915
1.6303043730735778
1.6452032459259034
1.6726392446517944
1.6617164506912232
1.6545429065704347
1.6666499717712402
1.6573396145820618
1.677741166305542
1.691227690887451
1.6680494826316834
1.6499128343582152
1.6609077186584473
1.6705594234466552
1.6819046162605287
1.660673278903961
1.6650536222457886
1.682697246170044
1.691936384010315
1.6819363187789917
1.648585528087616
1.704048253250122
1.6810673396110534
1.7025552249908447
1.682502258682251
1.6818095378875733
1.7213021162033082
1.7098567192077636
1.7087848331451416
1.6815657600402831
1.701192622756958
1.7041029673576356
1.693468213558197
1.6940016554832458
1.7171184984207153
1.6992260550498963
1.680463885974884
1.6920258136749267
1.7097700909614564
1.7085260414123535
1.7095702230453491
1.730192052078247
1.704326831150055
1.7134701456069947
1.707212880897522
1.707089944267273
1.7095840956687927
1.7212426652908326
1.7418552591323853
1.7449594880104065
1.7578434292793275
1.7128211631774903
1.7171274310112
1.725320332145691
1.7407112005233765
1.7544097222328185
1.7199372826576234
1.7407778423309326
1.7510438821792602
1.7451660209655762
1.7349496070861816
1.7533289463043213
1.7468509267807006
1.7491084988594054
1.758695836353302
1.7475379453659057
1.7757857936859132
1.7428488603591918
1.7733721915245055
1.7460291569709778
1.7527073682785035
1.764555509185791
1.7846950293540955
