86.12
93.16
95.04
95.91
96.53
96.65
96.99
97.19
97.3
97.35
97.53
97.55
97.68
97.84
97.8
97.84
97.82
97.99
98.04
98.05
98.09
98.13
98.15
98.14
98.25
98.19
98.23
98.26
98.28
98.36
98.33
98.36
98.43
98.41
98.51
98.52
98.46
98.55
98.52
98.57
98.49
98.64
98.64
98.61
98.62
98.64
98.61
98.6
98.62
98.63
98.73
98.7
98.64
98.71
98.63
98.62
98.59
98.62
98.72
98.69
98.69
98.65
98.72
98.76
98.73
98.81
98.76
98.76
98.77
98.68
98.79
98.81
98.79
98.78
98.83
98.82
98.83
98.79
98.91
98.88
98.96
98.86
98.89
98.81
98.91
98.82
98.91
98.94
98.85
98.83
98.9
98.91
98.88
98.92
98.9
98.85
98.88
98.88
98.87
98.91
98.91
98.77
98.84
98.9
98.87
98.81
98.85
98.91
98.84
98.86
98.94
98.85
98.86
98.95
98.89
98.93
98.93
99.0
98.96
98.98
98.94
98.95
98.98
99.01
98.9
99.02
99.0
98.97
98.97
98.94
99.01
98.99
98.98
98.9
98.96
98.9
98.99
98.9
98.99
98.93
98.95
98.96
98.97
99.03
99.0
98.98
99.02
98.96
98.99
98.96
98.93
98.94
98.98
98.92
98.97
98.98
98.99
98.94
98.99
98.92
98.96
98.9
98.89
98.87
98.88
98.96
98.95
98.96
98.99
98.99
98.97
99.0
98.81
98.87
98.94
98.95
98.89
98.95
99.02
98.97
98.99
98.96
98.98
98.99
99.02
99.04
98.99
99.01
98.96
98.95
98.99
98.99
98.87
98.95
98.94
98.98
98.98
98.94
98.96
98.91
98.99
99.0
98.92
98.98
98.98
98.93
98.93
98.98
98.94
98.94
98.97
98.96
98.91
98.93
98.88
98.91
98.91
98.95
99.0
98.96
98.94
98.96
98.93
99.0
98.98
98.98
98.97
99.01
98.95
98.93
99.05
99.01
99.04
99.04
99.01
98.97
99.0
98.98
98.98
98.98
98.92
99.0
99.03
99.01
99.0
99.01
99.05
99.07
99.04
99.0
98.95
98.98
98.96
99.02
99.01
99.01
98.95
99.0
98.97
98.96
98.92
98.94
98.97
99.0
99.07
98.99
99.04
99.09
98.99
99.0
99.0
98.95
98.95
98.96
98.95
99.03
99.02
98.95
99.02
98.94
98.97
98.96
99.02
99.02
99.0
99.01
99.03
99.03
99.02
99.04
98.97
99.0
98.97
98.99
99.0
99.01
99.04
98.98
99.0
99.05
