0.47379493494033814
0.22264447783231736
0.15633369378745557
0.12982908980548383
0.12064407326504588
0.10851456753090025
0.1006206729510799
0.09403368627997115
0.08887889579692855
0.08620774211366661
0.08142599964637776
0.07894887517513707
0.07553497688632924
0.0714346710603917
0.07182683153548278
0.07002266445654677
0.0709541107744677
0.06463915646880632
0.063563156113273
0.06297520356958267
0.06123691853227501
0.0590434086807014
0.06130199264199473
0.05902000892838114
0.05646309667343739
0.0561510301757371
0.05496951071473304
0.05485154555401532
0.05400095842932351
0.052361503309517866
0.05085072728645755
0.05108957061578985
0.05058948863214464
0.050899759782027106
0.04989228879858274
0.04829074095113901
0.048916030876986046
0.04978480246993422
0.04818081992045045
0.048803281607167445
0.04857033323549549
0.04793122897118737
0.046682021998631536
0.04880693082396028
0.048054306494112825
0.045776598036356156
0.04539274354434747
0.04465099667220347
0.04611907607608373
0.04651275670751784
0.045009305134939497
0.044583390923266415
0.04474516491940303
0.04383060108634236
0.041582023664971345
0.044107363379804886
0.04452306109629572
0.041903573390327804
0.04135078952171025
0.042578108016545595
0.040870124474403566
0.042439721741320685
0.04094787344684446
0.04124749171277508
0.04229441664335827
0.04071274205003719
0.04014414805320485
0.04171301186714845
0.041695985256173296
0.04242363357375289
0.04112273890896467
0.03919662129988137
0.039499677677309955
0.03891769505621814
0.03819769953321811
0.03753487542724615
0.03776705746745065
0.03792306898713577
0.036876996537810194
0.03687270821030543
0.03592155846078458
0.03701095540659226
0.035780917452469294
0.03888036755572393
0.036773307293388645
0.03770632954610555
0.03738820771792816
0.038427477408287815
0.03800329893887247
0.03667546759823599
0.03642167381311156
0.03645441948863445
0.037048700154270045
0.03567804189426461
0.03734118510554326
0.03767511592231531
0.03716812735680651
0.036806562222098
0.03663211074741557
0.03531601303948264
0.03585019517570763
0.036519968284026254
0.0363255263343286
0.03603587490950158
0.038567813122350345
0.03915872885180979
0.03675795394977795
0.036325841541108454
0.036166088388098434
0.03799819469361319
0.036977323126528794
0.039051037635809915
0.03900015821955894
0.03627508561487994
0.03714802710906151
0.03721309707944165
0.03613116339582848
0.03516520175447367
0.03533585554617603
0.03456998965363091
0.03498006795679394
0.03511541087467704
0.03404756445989042
0.035216303202462586
0.03641874746023059
0.033791755972270764
0.03428454760934619
0.03536744029609945
0.036859275801926196
0.03504529007475285
0.035212048243793835
0.03501738071010841
0.035229024946861316
0.03639275764414924
0.03487961276129499
0.03577350900092133
0.034584527261172476
0.03572825950938859
0.03539051382300022
0.036231907366756425
0.036398320044673894
0.03575683124639254
0.03613820674521376
0.035500107409075284
0.03639738652002452
0.0357782920437854
0.03486137931149824
0.03445700357952119
0.03422937072533605
0.033959788877959
0.03491074997638352
0.03493734542935526
0.03475702176324612
0.03668048878508744
0.03622775385016357
0.03555320590948395
0.03529941823901354
0.03654340704858987
0.034921034836581384
0.03739932142291473
0.037251400020296206
0.037520540975506445
0.03612145306733874
0.03632227440947172
0.03617773417044009
0.03502437798041974
0.0361872208877714
0.03588532692214976
0.0356753000683173
0.036252855970046946
0.036017135454184245
0.036274149724647944
0.03877751326211346
0.03703790796745434
0.03615716746712569
0.03601571531418231
0.036694375606973154
0.036885955217629454
0.03594919922588524
0.03593108805080137
0.03540650191789718
0.034912576219523546
0.035962869645315004
0.036337776931803456
0.035647336410301704
0.035459476810791785
0.03602056462047094
0.03537530683380792
0.03750032603382879
0.03784368195631996
0.03721404418818602
0.03689697746444199
0.03945484554506129
0.03911389140546162
0.03818385278943642
0.03775590091905324
0.03815117311179638
0.037702687614109616
0.03696422627218108
0.03808040363365362
0.03708323764753577
0.03700180320192176
0.03707476658817686
0.038271127699433055
0.03771590498534615
0.03855762002979627
0.036988588455034915
0.03739036177192829
0.037784066191245344
0.037216410331914265
0.037393964354762284
0.037371972278279285
0.03936192849203844
0.03914493287900059
0.041229637483090074
0.040718333879193595
0.03908321215600531
0.036634678107172115
0.03689950843570878
0.03729245722128562
0.03765890851994427
0.03633917267969919
0.03770805980895029
0.036902538154421884
0.036623432580747975
0.037096698213613215
0.03656739818890737
0.037334387140364744
0.037446055708002586
0.037899164793798124
0.036358199393868924
0.03719602032875473
0.03704424870297489
0.036700339011474806
0.0383459032015244
0.038724016341131984
0.03729742513340448
0.03757738313943219
0.03845566462142383
0.038818843244460596
0.03876366068566883
0.03786156489077684
0.03662978658030079
0.037730488900378896
0.03801866028551285
0.0381002763932413
0.03639017392708429
0.03672201740280416
0.0364613054179541
0.03610960198956127
0.037208390117220005
0.03788634126663328
0.03783214374919471
0.03779870257899688
0.03846092074644193
0.03945153958997653
0.038326493898107404
0.03753478462891867
0.03795091266948102
0.037596241518096034
0.03817633531013894
0.037914256388246664
0.03728603462611668
0.038174238755342274
0.03702149021381715
0.03858731130513347
0.03768489700267887
0.037722086013332136
0.03932144384558346
0.03863111737379086
0.035777253522138244
0.03635456762266135
0.03621168700433163
0.03653220869431732
0.03893127959421436
0.03790492254937058
0.03852974228337703
0.03803111628397146
0.03776013149187918
0.0391087846276346
0.03929436172227188
0.03906119501713276
0.037914625547031414
0.037280333797047115
0.037294069849000265
0.038576632432308904
0.039055838949822876
0.03853285622593828
0.038035447124814915
0.03730314723256829
0.037986864155216335
0.03752540999425855
0.03803889849982042
0.038080578519172924
0.03889382550219616
0.03722999576110046
0.03805565652601404
0.03796932628429431
0.03828626703417474
0.038876883018926445
