10.54
11.88
11.55
12.33
9.94
10.05
11.01
10.08
10.1
10.0
10.0
10.0
10.0
10.0
10.0
13.37
10.01
10.09
11.2
10.0
10.8
11.71
10.0
10.09
14.38
12.58
15.91
17.4
11.59
16.64
10.06
17.43
16.03
17.55
12.19
16.88
17.37
10.29
20.1
15.88
17.84
14.8
16.37
16.87
15.86
18.54
15.36
16.39
15.24
19.31
13.74
10.45
19.46
14.51
15.7
10.0
19.75
11.86
19.91
19.51
13.9
15.11
15.56
17.05
14.04
23.19
21.64
19.25
15.31
20.48
15.16
16.62
18.0
20.4
20.93
15.39
16.76
14.99
18.87
18.14
16.91
18.48
17.67
20.66
19.66
20.43
20.76
20.81
17.81
14.88
18.53
17.17
13.92
21.63
23.45
17.66
19.46
19.04
22.16
22.95
21.91
25.07
23.03
17.2
18.23
25.42
24.37
20.17
22.65
26.34
21.18
19.94
24.76
21.18
28.27
19.57
25.28
25.91
22.59
18.17
23.99
24.76
22.08
20.49
30.34
20.35
20.96
24.17
14.87
23.99
24.38
18.57
19.98
24.77
23.94
29.02
20.51
21.43
24.64
24.43
22.98
21.01
31.46
32.28
29.49
25.21
29.54
23.55
27.3
20.32
29.28
28.43
16.39
31.11
24.51
27.53
28.66
24.91
28.24
25.67
23.38
21.57
28.31
27.71
28.79
30.88
19.95
30.39
29.23
25.12
23.9
31.23
33.49
23.91
19.28
31.2
31.66
30.91
33.23
25.78
23.48
30.88
25.22
27.66
23.8
34.11
20.79
30.51
33.17
20.6
25.95
33.52
29.05
27.86
33.63
33.91
26.73
37.49
31.44
32.64
35.04
31.96
29.21
31.76
22.57
31.75
32.2
20.22
22.22
28.78
29.97
30.71
30.88
30.15
31.48
27.91
29.71
29.37
32.96
31.09
32.45
34.23
30.55
28.0
29.02
23.77
37.84
32.19
34.55
36.45
22.12
31.56
29.54
25.21
31.51
31.81
28.72
34.4
23.89
25.42
31.22
29.21
37.12
32.4
29.48
32.34
24.91
34.61
31.91
26.08
24.61
30.83
23.35
38.97
35.47
34.76
32.96
36.85
32.13
29.29
32.79
35.89
37.38
30.76
32.11
25.5
29.22
33.93
35.64
27.88
29.36
34.59
31.82
32.59
27.04
31.17
32.26
35.5
36.25
32.52
28.63
29.73
30.72
30.75
32.04
32.16
33.65
33.33
37.17
28.65
34.92
31.64
34.39
36.76
36.1
38.18
34.58
34.14
27.41
32.04
