10.0
10.0
10.0
10.0
10.0
10.0
10.0
10.0
10.0
10.0
10.0
10.0
10.0
10.0
10.0
10.01
10.01
10.01
10.01
10.04
10.09
10.34
10.95
10.89
10.92
11.31
11.61
11.65
11.95
11.93
12.25
12.6
12.87
12.55
12.74
12.78
12.76
13.21
14.05
14.72
15.18
15.18
17.13
17.25
17.42
17.78
17.97
18.13
18.49
18.67
19.15
19.66
19.83
20.19
20.39
20.2
20.55
20.41
20.14
20.96
21.32
21.95
22.35
22.61
23.13
23.68
23.89
24.39
24.64
25.15
25.67
25.75
25.57
26.02
27.15
26.3
27.3
27.1
27.58
27.19
28.28
28.46
28.6
29.18
28.85
29.73
29.46
29.49
29.56
29.56
29.7
30.04
29.81
29.86
30.95
30.97
30.99
30.88
30.89
31.52
31.51
31.77
32.09
31.68
31.53
32.23
32.19
32.71
32.71
32.67
32.81
33.01
33.07
32.86
33.7
33.2
33.61
33.71
33.47
34.23
34.48
34.5
34.35
34.59
34.83
34.9
35.17
35.02
35.52
35.2
35.48
35.64
35.73
35.44
36.05
36.17
35.57
36.06
36.36
36.64
36.41
36.56
37.0
37.01
37.05
37.14
37.35
37.36
37.65
37.5
37.64
37.88
37.69
37.97
37.83
37.96
38.32
38.31
38.32
38.51
38.2
39.08
38.74
39.03
38.91
39.25
39.18
39.04
39.32
39.24
40.01
39.56
39.65
39.78
39.92
39.58
39.94
39.93
40.21
40.48
39.87
40.56
40.27
40.08
40.65
40.68
40.64
40.87
40.75
41.19
41.21
41.13
41.07
41.49
41.45
41.16
41.58
41.54
41.81
41.93
41.68
41.98
41.68
41.55
42.39
42.26
42.45
42.43
41.98
42.85
42.29
42.74
42.65
42.73
42.34
42.62
42.57
42.66
42.55
42.65
43.17
43.01
43.41
43.03
43.36
43.22
43.38
43.48
43.36
43.9
42.89
43.71
43.53
44.07
44.09
44.15
44.04
44.54
44.25
44.25
44.48
44.71
44.47
44.78
44.35
44.74
44.69
45.12
44.36
44.61
44.71
45.27
45.07
45.22
45.06
45.61
45.17
45.51
45.37
45.57
45.0
45.66
45.64
45.75
45.82
46.04
45.61
46.03
45.76
45.74
46.11
46.29
46.5
46.14
46.52
46.42
45.96
46.27
46.4
46.74
46.72
46.8
46.62
46.75
47.06
46.78
47.07
47.13
46.86
47.16
46.93
46.87
46.85
47.16
47.36
46.97
47.74
47.56
47.39
47.36
