2.305234115600586
2.3049363208770752
2.304654139328003
2.3043885955810546
2.3041011280059815
2.3038333992004394
2.303572435760498
2.3032618461608885
2.302974953079224
2.3026927082061768
2.3023963253021242
2.302083772277832
2.301721742248535
2.3013861545562744
2.3010304122924805
2.3006690044403078
2.3002851150512695
2.2999127902984617
2.299519987487793
2.299090073776245
2.2986166431427
2.2981320812225343
2.2976194561004637
2.2970790466308593
2.2964890377044678
2.2958934631347656
2.2952812133789062
2.294620392227173
2.293889729309082
2.2930697532653808
2.2921933753967285
2.2913000190734865
2.2902599544525146
2.2891237773895265
2.287890551376343
2.2866436042785643
2.2851993713378906
2.2836238670349123
2.281854772949219
2.279778211975098
2.2775215618133546
2.2749691467285156
2.2720583358764648
2.2684401737213133
2.2647192543029786
2.2606730350494386
2.256428875732422
2.2512983455657958
2.246050316619873
2.2402795055389406
2.234251037979126
2.2274547828674316
2.219767143249512
2.211425548553467
2.2026568424224853
2.193283445739746
2.183184264755249
2.17207639503479
2.161379335784912
2.1504038471221922
2.1395223419189455
2.1276865467071535
2.116731887817383
2.1052429777145387
2.093766620635986
2.0850450593948366
2.074022851753235
2.065208101654053
2.056721164321899
2.0492532173156737
2.0404865535736083
2.0332746171951293
2.0270555519104003
2.021471783065796
2.0152166818618773
2.0107412147521972
2.004222972869873
1.999108007621765
1.9944224863052369
1.9892384832382202
1.984227069091797
1.9791838150024414
1.977043560218811
1.970182632637024
1.9644616497039795
1.9608897245407104
1.9542561964035035
1.9518624391555786
1.9453733436584473
1.9405890098571776
1.9352870637893678
1.9312017787933349
1.9269114797592164
1.922778530883789
1.916065147972107
1.9108763107299804
1.910510338973999
1.9036256004333496
1.897622844696045
1.8942468034744262
1.8889986865997315
1.8848012617111205
1.8815518707275392
1.875963126373291
1.879008194732666
1.8692427722930909
1.864853684425354
1.861391290473938
1.8578257520675658
1.8555726619720458
1.8523036714553833
1.8469038780212403
1.8437662071228027
1.8427569925308227
1.834486137199402
1.8332598392486572
1.8296553457260132
1.824324702835083
1.8267518020629883
1.815184441757202
1.8132001874923707
1.8079901613235474
1.805602657699585
1.8005422563552858
1.7992410640716552
1.7934043266296387
1.7886938577651978
1.7861358234405518
1.7820614442825318
1.7793900796890258
1.7751524652481079
1.7701614812850952
1.7708295822143554
1.7675264862060547
1.7606468603134156
1.756282603263855
1.7600133855819702
1.7525436933517455
1.7464984998703004
1.7449353870391846
1.7393067962646485
1.7385474025726317
1.735540068244934
1.7316983938217163
1.724885062599182
1.7217093299865722
1.7190523626327514
1.71624931640625
1.714513482093811
1.7116737829208375
1.7095477502822876
1.7026965213775636
1.7016974544525147
1.7020717792510986
1.6949396478652954
1.6956259647369385
1.6877856019973756
1.684331219100952
1.6836331073760986
1.6800702304840087
1.6860324081420899
1.6759730947494507
1.6712926036834717
1.6690179397583007
1.670828078842163
1.6659120460510255
1.665727960395813
1.6610377010345458
1.6575899967193604
1.6533154556274414
1.6495299417495728
1.6524561086654663
1.6493684356689453
1.6494299299240112
1.6447738288879394
1.6426382629394531
1.6363151948928834
1.6351947469711303
1.6321737953186035
1.630487806892395
1.638731060409546
1.6266795070648192
1.6260841373443604
1.6241455257415771
1.6205195629119873
1.6152602184295655
1.6165208955764772
1.6134252151489257
1.614891648864746
1.6095345003128052
1.611251743888855
1.6168771602630616
1.6031293752670288
1.6008607830047608
1.599787970161438
1.6079638479232787
1.5927893577575685
1.5943742490768433
1.5888425733566285
1.5903605236053466
1.5896100255966186
1.5852757759094238
1.5827699893951417
1.5828936727523804
1.5809082597732544
1.5778968759536742
1.576904804611206
1.5758240015029907
1.5744521284103394
1.5778209119796753
1.5698541166305542
1.5711468433380127
1.5713536451339722
1.5676858974456787
1.5649245737075805
1.5677144050598144
1.5671017068862916
1.5603077058792114
1.5586340223312378
1.554062332725525
1.561661399459839
1.5499101289749146
1.5516917943954467
1.54840006275177
1.545455372428894
1.546914619255066
1.5432895708084107
1.5425031929016113
1.5480673822402955
1.5412390933990479
1.5431664079666139
1.537876307106018
1.5350577472686768
1.5323036943435668
1.528775214958191
1.5293375156402589
1.5266085842132568
1.528637420463562
1.5251106798171996
1.5220486394882202
1.5209384344100951
1.5189966913223267
1.5218074111938475
1.5155076505661011
1.5208933601379395
1.5141883340835571
1.5135419059753419
1.5094133304595947
1.5109005546569825
1.5124230493545532
1.5087283071517945
1.504089762687683
1.5034139139175415
1.502783720588684
1.5040144775390625
1.4985535596847535
1.501104697227478
1.4977342018127442
1.4965950231552123
1.4957193782806397
1.4998829124450683
1.4901239233016967
1.4895910932540894
1.4890005672454834
1.48840078125
1.4883095840454101
1.485582489013672
1.48444507522583
1.4869659687042236
1.4856546207427979
1.4815137662887574
1.4780254737854004
1.476476170730591
1.4797211853027343
1.473180626106262
1.4743403999328613
1.4787803247451783
1.4740274295806886
1.4706160177230836
1.4664580278396606
1.4720015447616577
1.4644573104858398
1.4632694547653198
1.4630547021865845
1.4604905071258545
1.4639840509414672
1.4580016757965089
1.454007863998413
1.4598374738693238
1.4507320138931274
1.452195407295227
1.4537601930618287
1.4522463472366334
1.4490780939102172
1.446473554611206
1.4475739908218384
1.4444574419021607
1.4470066446304322
1.4408348993301392
1.448640458869934
