2.4717989120483397
2.4974960903167727
2.439202625656128
2.3939296571731568
2.4753437894821166
2.177979314804077
2.154289115524292
2.322737788772583
2.019718893814087
2.014824953842163
1.9677904983520509
2.0456210361480713
2.06071252822876
2.105107992553711
2.118196238899231
1.827447999382019
1.8668666025161744
1.7275527578353882
1.7775071014404298
1.8077709533691406
2.0820982666015624
1.7915914085388183
1.7988522090911865
1.6505185640335083
1.8730727577209472
1.850607278060913
2.643875967025757
2.545726496887207
1.6380413930892945
1.7684625982284545
1.6304110219955443
1.616955499267578
1.6799614900588988
1.8271179822921753
1.813584755897522
1.8344605960845948
2.106236536026001
1.7286219995498657
1.6801575799942017
1.9366950370788574
2.489111735534668
1.7531163593292236
1.5419578397750855
1.9769406915664673
2.2860988624572753
2.029082797241211
1.826275152206421
1.7223606857299805
1.9023632091522218
2.0272636531829833
1.9302728548049928
2.0876843406677246
1.9669025531768798
2.017313122177124
1.8336181758880614
1.9595830549240112
1.6395970708847045
2.0045581687927245
2.027183229255676
2.3959740879058837
2.2671128356933594
1.9371053871154784
1.9964921295166016
2.1746524517059327
2.30422721824646
2.101255266571045
1.862541271018982
1.816851807975769
1.8595567068099976
1.84208254737854
2.0924013305664064
1.8700340000152589
3.109247420501709
1.7197927688598633
2.139867250061035
2.0862840404510496
1.8778511161804199
1.9165212291717528
1.7776404762268065
1.8932806554794313
1.8726092420578002
2.2402524921417237
2.1376918544769286
1.9257234041213989
2.013018510055542
2.140687798500061
1.83157132396698
1.9156584959030152
1.8786453689575195
1.813435753440857
1.7446973350524901
2.284747896194458
2.0583866380691527
1.7463739892959596
1.8575751380920411
2.149416697692871
1.8129269998550415
1.7400032920837403
1.840642901992798
1.7966055643081664
1.9243987270355225
2.581363383102417
1.8113129419326783
1.851118634223938
1.8208650171279908
1.9204817287445068
2.4653554206848143
1.8891610332489013
1.8204677577972412
2.0199805152893067
1.8999777364730834
2.0060374462127686
2.5546072929382326
1.9081507162094116
1.9699537757873535
2.1680924003601074
1.784066065979004
2.0819848094940188
1.9055585861206055
2.1969057956695557
2.437550403213501
1.9901013023376466
2.5375430335998534
2.0341927770614623
1.8450276277542115
1.8508368980407714
1.833129744529724
1.8506439094543456
1.9964292457580566
1.8702484674453734
1.7939582294464111
2.1203061561584473
2.3341358585357668
1.851407264137268
1.8479408323287965
2.7218776527404787
2.2500117820739747
1.9491502449035645
1.9630789766311645
1.9910527742385864
2.4728731494903564
1.8277562438964843
1.8125303031921387
1.9207047037124634
1.91490167427063
2.383709110832214
2.1119149881362915
2.025811347579956
1.849535757446289
2.0620970413208006
1.8868333976745606
1.8281348859786988
2.1631054122924804
2.2449198375701904
2.4098503240585325
2.4736638326644895
2.0137506500244142
1.896186241722107
2.277380246925354
2.0972450473785402
2.1140523206710817
2.3179683017730714
2.236839053726196
2.318461186218262
1.9912641269683837
2.2029537086486815
2.122694882965088
2.060393267059326
1.9703701248168946
2.7603028285980225
1.966569495010376
1.9122677452087402
2.1510233737945557
2.2894757217407227
2.521255429458618
2.153904586791992
1.9852544227600097
1.9026195764541627
2.1047409301757813
2.0063256660461426
2.298930976867676
1.9844136356353759
1.897510512161255
2.2506000665664674
2.1676731231689454
1.9836184288024903
2.151661291694641
1.9978573040008545
2.014108420944214
2.013781155204773
2.2543540554046633
2.6904451793670656
1.9852708683013915
1.9768508945465089
2.3710298976898194
2.0857459941864014
2.08629449672699
2.191985432243347
2.366370726394653
2.015291360282898
2.449898162460327
2.2474365526199342
2.029857769393921
1.9600634296417236
2.256046746444702
2.4293831924438476
2.1710487800598144
2.547112222290039
1.9969304931640626
2.117926009941101
2.2940006580352783
2.0180417373657225
2.326357805252075
2.0969081146240236
2.222902127075195
2.329271466064453
2.072507710838318
2.318450970458984
2.2398964668273926
2.258666283607483
1.9840516870498657
2.135265230178833
2.001333099555969
2.1480635803222654
2.2148414585113527
2.18920873336792
2.097251251411438
2.071736883163452
2.014617377471924
2.357493461227417
2.231158722305298
1.9947609270095825
2.1309126892089845
2.1464661979675292
2.023802061843872
2.085455047607422
2.3111306827545164
1.965893624305725
2.694443017959595
2.486834513473511
2.484644554901123
2.13364331741333
2.123769641685486
2.050539451980591
2.1692234130859376
2.2808519382476806
2.0338114711761475
2.212396396636963
2.198574108695984
2.3278924140930175
2.10572355632782
2.7181163654327394
2.555847792816162
2.0738338985443114
2.276968391799927
2.244227412033081
2.2891866954803466
2.1144640880584715
2.0052298522949217
2.127291104888916
2.395369272994995
2.068385927772522
2.2134288589477538
2.5415499164581297
2.2716362575531006
2.108206411933899
2.122765637969971
2.3068407041549683
2.481949167251587
2.5398064598083496
2.0424411317825317
2.064821992683411
2.2881150079727175
2.3860133152008056
1.954784652709961
2.0554067047119142
2.342226383972168
2.3697826988220214
2.100085973739624
2.0485172428131104
2.649310995864868
2.6516514640808104
2.1969637825012205
2.09752818775177
2.2830349000930785
2.1611719873428346
2.153662203979492
2.513825936126709
2.0310894676208497
2.2475071460723877
2.3642953720092774
2.4029877876281738
2.0601147497177124
2.74307145652771
2.5339651420593263
2.7002019607543946
2.3828564918518067
2.289584829711914
2.271368922042847
2.0329447912216185
