95.65
97.51
98.0
98.31
98.49
98.44
98.56
98.65
98.73
98.82
98.82
98.82
98.84
98.78
98.96
98.9
99.0
98.95
98.84
98.95
98.91
98.91
98.86
98.84
98.85
98.9
98.87
98.86
98.9
98.88
98.94
98.93
98.82
98.77
98.87
98.89
98.89
98.88
98.96
98.97
98.93
98.95
98.86
98.97
99.0
99.02
98.87
98.94
98.96
98.95
99.0
98.86
98.99
99.03
99.03
98.97
99.0
99.06
98.91
98.96
98.94
98.98
98.94
98.89
98.87
99.02
98.92
98.96
99.07
99.0
98.89
98.96
99.05
98.95
99.01
98.96
98.97
98.9
98.95
98.96
99.09
99.06
99.03
99.05
98.95
98.99
98.95
98.98
98.94
98.97
99.1
99.03
98.98
98.96
98.97
98.97
98.9
98.98
99.02
98.99
98.99
98.96
98.93
98.95
98.89
98.95
99.01
98.97
98.99
98.97
98.95
98.9
98.94
98.94
99.03
99.03
98.94
98.98
98.93
98.98
98.87
98.97
99.01
99.03
99.01
98.95
99.08
99.05
98.97
98.93
99.05
99.03
98.98
99.01
99.0
98.98
98.99
98.97
98.99
99.02
98.97
99.04
99.03
99.0
98.98
98.97
99.03
98.99
98.97
99.04
99.01
99.06
98.99
99.04
99.03
99.02
99.11
99.13
99.03
99.06
99.02
99.04
99.04
99.05
99.04
99.05
99.13
99.1
99.05
98.99
99.05
99.08
99.06
99.04
99.03
99.0
99.1
99.04
99.04
99.06
99.05
99.13
99.05
99.05
99.04
99.09
99.04
99.05
98.91
99.01
99.04
98.96
99.08
99.0
99.05
98.98
99.05
98.91
98.99
99.05
98.98
98.99
98.99
98.92
99.05
98.89
99.09
99.02
98.96
99.02
98.99
99.08
99.09
99.02
99.08
98.97
99.04
99.04
98.92
99.05
98.98
98.98
99.03
98.95
98.98
99.0
98.92
99.04
98.97
98.98
99.03
98.98
98.98
99.0
99.06
99.03
99.05
99.09
98.98
99.04
99.05
99.06
98.99
99.12
99.04
99.0
99.04
98.98
99.02
99.06
98.99
99.02
99.02
99.0
99.04
98.96
99.08
98.94
99.04
99.14
99.05
98.96
99.06
98.98
99.02
99.01
99.03
99.06
99.04
99.09
99.11
98.94
99.05
99.07
99.04
99.04
99.13
99.09
99.06
99.08
99.05
99.01
99.06
99.13
99.1
99.06
99.06
98.99
98.96
99.0
98.97
99.07
99.02
99.01
99.06
99.01
98.99
99.06
99.02
98.94
