0.18749348004460334
0.07855226646512747
0.06334575369618833
0.054516218418302016
0.049443041615840046
0.04858804975701496
0.04386095626885071
0.043504512600135055
0.04136343048242852
0.040445411693304775
0.039114983813557776
0.035973963010590526
0.03591289049584302
0.034048681491264145
0.0332964720048476
0.03373128591908608
0.03349925858651695
0.03390343754598871
0.03418125120664481
0.03866960930877831
0.03612644049873925
0.03365633747288957
0.035720240087236746
0.03499162945678108
0.037433052908891117
0.03319693542466266
0.036571736414451154
0.0339196052382933
0.033563351441273696
0.03328183043199824
0.033379227333940796
0.032892375763738525
0.03346906492130365
0.03547205921690911
0.03253446351161692
0.03538797971918248
0.03421864330098033
0.03390754247715231
0.03250679371353181
0.0334134541574982
0.032223088375799125
0.03121359477918595
0.03345228478341596
0.029607343099219724
0.03127456574764801
0.031010283415101002
0.031749303068616425
0.030753797624923754
0.03094487852424936
0.03277395892770728
0.03152846797556849
0.03234562233879697
0.0318890774563828
0.03315822533994214
0.02998134580235346
0.033099873779530754
0.030843516305982484
0.0335507832734671
0.03488297552565928
0.03188976814462803
0.031767717445193557
0.03064772675954446
0.033443345401820264
0.03130390127846913
0.03456351805705344
0.03183483909338247
0.035501846347074026
0.03218504058056278
0.03025490030577639
0.031766168630303585
0.03456631450344576
0.030834213224024277
0.030302295825033798
0.031602629664032426
0.02928891038625734
0.03264844810577942
0.03234117529021751
0.03260740806045069
0.030608007289402304
0.03088665610954049
0.02890830187193933
0.030214767059752193
0.028893404853949322
0.029142790705594234
0.031079238185411667
0.030425665529753315
0.03195943822763511
0.030657458837673766
0.031592200404308095
0.03169906057111221
0.028988771739564254
0.030855299150408244
0.027875046444963664
0.03159006192563975
0.030186780849503703
0.030596274860258562
0.030607695707306266
0.03027740398822061
0.030546289936394896
0.030039487232964894
0.033062066057507764
0.033500779686529134
0.032460622095114376
0.03228279141647508
0.030814840120446753
0.030847943518376268
0.03145329058721036
0.03195932893087593
0.03248003834566916
0.03156848475406841
0.03060055378953257
0.033832882233041164
0.033655481874123504
0.03308515648851608
0.031061497874945054
0.030133469884181977
0.03195279315663938
0.03279313144875341
0.03611674650153582
0.032625705272206686
0.03195460766776887
0.029407311597173975
0.03028775700228434
0.0317128479107967
0.030974374051718042
0.031393661976302244
0.031009313620612374
0.030472431051117018
0.03247122804350511
0.03236424639478719
0.03365312667273247
0.03166358219630128
0.031121062591054034
0.031053557776447995
0.03139076197873219
0.031721127005043676
0.03126102369972359
0.03261251241912541
0.03238078463226957
0.03157997401201883
0.031662926268931184
0.03201991954718324
0.03197169964195636
0.03368747834148817
0.03247456624929364
0.032558153252464764
0.0321972677857113
0.033643692848901265
0.03212732620064853
0.03072129004274975
0.032208861567647906
0.03128250800846581
0.03341698024314246
0.029607356563390204
0.030346215013308392
0.03438954315326227
0.03017613008579683
0.030039753149307215
0.030277365438998095
0.030998871880056685
0.03276924928056542
0.030878587768301803
0.030402784196891297
0.03157456810317235
0.030185586955830512
0.03361875920388593
0.03148998004419154
0.03024638167493322
0.03170209029852704
0.0330756010490848
0.03189599145020111
0.03138450111133643
0.033850461139139226
0.031658742527421416
0.03460272555750635
0.03339239580935464
0.034182020457182806
0.03355242285861896
0.0335406496252348
0.03241666135287087
0.03385060713236053
0.02968492811183096
0.03254307334519617
0.03333068236598265
0.03354725708405167
0.03340595257258683
0.035908954590305804
0.03384894282368696
0.03640605625655226
0.03409221757617997
0.03342862651166506
0.03464364232540174
0.03231231998075891
0.035747506233184685
0.03138475687727477
0.03459023679259771
0.032242835709318754
0.034088267564406124
0.030939271344381267
0.03163668361360833
0.03230564283218118
0.033920691808508124
0.032750811504598826
0.03691850981095922
0.03244503878350224
0.034870606446081365
0.030624645031563705
0.03319672696277994
0.034703667581258923
0.031596674909011926
0.03533038501914707
0.033954225566459356
0.030730592695827362
0.03222082339729532
0.0314655921287118
0.03250448835422867
0.031489160318706126
0.030468189631882706
0.03241370846248901
0.031726933120936156
0.03298969898040959
0.03445305524613104
0.03417022722892725
0.03436690439529484
0.03330806574135349
0.03562567649124103
0.0362928364300813
0.03595085375514391
0.032285599129762706
0.03461750720107593
0.03278072566691117
0.034729510458889126
0.035333158879664914
0.03410915756765316
0.03383247588484446
0.030514532026305823
0.031736672707248365
0.031226262098020378
0.03452956096230482
0.03133695541424895
0.03257684678910846
0.034390479499251524
0.031606786905115584
0.031210904504668725
0.030441438333246335
0.03139028010769252
0.03277538204471348
0.03431683397676752
0.032021214564322144
0.033340075345723745
0.03134159859274514
0.03163744725362194
0.03165716015274957
0.035882823843228835
0.034149205547044405
0.031138178451103157
0.03398107922113413
0.035710251951697136
0.03402344818281636
0.032220309668319534
0.0328299456714456
0.03270918564811472
0.034043381319360924
0.033061871853460614
0.03282075993774342
0.034352543879596124
0.03396586544952952
0.032607672659272065
0.031747259898080665
0.03139725091927066
0.03338295003538151
0.033826121040119866
0.03157443240035245
0.03205166789318901
0.03290340009454776
0.03199145502792235
0.03140596337415755
0.030998068745257297
0.03427401259558319
0.031390696026698424
0.03148394589418604
0.0306062501138018
0.032469869425737485
0.030742255635115363
0.032960901946830566
0.03196227829255586
0.031704967193101764
0.03144065532194945
0.034142178112506374
0.033705088159219306
0.03480036365041051
0.034274373700085924
0.03330281713238073
0.03483684739954733
0.03278303514937143
0.034778571978934636
0.0328390325514556
0.03327593492995729
0.033898911772525755
0.033486897673632485
