2.2779453647613526
2.1976928173065184
1.5162099184036255
0.6441199896335602
0.4630742660999298
0.35862204818725585
0.3049548552751541
0.26300253335237506
0.23254233872890473
0.21207357708215713
0.1927116603255272
0.17616115137189628
0.16364713914990425
0.15413263926804066
0.1435123418569565
0.13777511801868678
0.13233431492447853
0.12727597607672214
0.11937228473648429
0.11673169000335037
0.11174789902493358
0.10824415072649718
0.10365614889413119
0.10054307422004641
0.09949506921842695
0.09848961932212115
0.09523303183317185
0.09095838834848255
0.08820338272564113
0.08867138821557165
0.08767109769843519
0.08205206577600911
0.08059394560083746
0.08263029603799806
0.07987448505833745
0.07797451779525727
0.07781845511524006
0.07593893419774249
0.07265507666422054
0.07242819405449555
0.07220029770745896
0.06973300287444144
0.06823925343947485
0.07065095226429403
0.06841034595202655
0.07013185279145837
0.06751422508680262
0.06605865149786695
0.06544749637003988
0.06681482763458044
0.06620979389837012
0.06311117350172717
0.06388031523823738
0.06256145265484228
0.06216847512058448
0.061558074036613106
0.0636991183929611
0.06356656277496368
0.06158513652789407
0.061486730286711824
0.060146671193582
0.05970352348992601
0.05949345222325064
0.059886217576358466
0.05897728474265896
0.05754677870431915
0.05831662559621036
0.05661241942301858
0.056282238461636006
0.05491724170697853
0.05563844344932586
0.05486523001119494
0.05407169681987725
0.0543235452265013
0.05404378026635386
0.05501008028700016
0.05341824254796375
0.05297874285725411
0.055020214221230705
0.05445964281212073
0.05323771112756804
0.05274196652623359
0.05203041701882612
0.05207156575485133
0.053108771971589884
0.05142390817864798
0.05136413381521707
0.05157577904772479
0.05171356735607842
0.05066902982734027
0.05121341091254726
0.04968956865731161
0.05204429768361151
0.05124779917721171
0.05042132581376936
0.050523408433352596
0.04946743386681192
0.04951829278387595
0.05001208029850386
0.04918741474628914
0.048937492985115384
0.04877465320235351
0.048318411191902125
0.04827642768488731
0.04938268409753218
0.050793270164896966
0.048344905991299314
0.049983013193041555
0.04898143439764099
0.04972582172700204
0.04935373624309432
0.04858653351962566
0.05013030593974981
0.04777657333095558
0.04797464898562175
0.04843242152857129
0.04699141238280572
0.04760616689856979
0.04810671228324063
0.047653994496626544
0.046735157052020075
0.04844791718790948
0.048028904612810584
0.04740608961491089
0.0472970850261685
0.048829671742033676
0.04676039055095171
0.046927371080900775
0.04684757725505624
0.04711118275888148
0.04514442791235051
0.04536617567898939
0.04534261007081368
0.047031592824537075
0.046650382032425844
0.04912650132823037
0.04687810423976043
0.04691027524984675
0.04810389860998839
0.04805262373074656
0.04720028043474886
0.04668558176166262
0.0462340371188242
0.044582451807509645
0.04485242427487392
0.046994422566192226
0.04776892348696128
0.047847794276778585
0.04633310073213943
0.04666448627673381
0.04826778437057656
0.04744518005065911
0.04664213799700374
0.04460806558443001
0.045312398336012846
0.045371767417929365
0.04525656303294236
0.04679031683727226
0.04611804328114813
0.04728046830492385
0.04640584394864272
0.04613295810599229
0.04514120256274764
0.0439782360661251
0.045212807231678746
0.04539318663097219
0.045902520616150286
0.04404392828108394
0.04364286660946527
0.04535879665379325
0.04395878655655688
0.04516423329639365
0.043857886588244584
0.046984174989414165
0.04463786026258604
0.04306692978976207
0.04553595417768811
0.04528173791754671
0.04458856163789169
0.04490159912071249
0.04294200799439568
0.042384323991552814
0.043505679215225974
0.04427196696579049
0.04617590434515732
0.045960330710024574
0.04565465732150478
0.04363242517476319
0.04392873027708265
0.04378481461359188
0.04318434866570169
0.04410786194688262
0.043705221337215334
0.04358927729413699
0.04592400575526263
0.04383776899510704
0.044515920727219785
0.04357272951610503
0.0438830427100067
0.04351736857758078
0.04396510561760224
0.04376225905292522
0.044066776320706415
0.04425102235352169
0.04402791345949809
0.04435853359965549
0.044174166709784184
0.04391091731481138
0.043401058422762435
0.042778272244145044
0.042880951757202274
0.04259441299104947
0.04374001698254433
0.04202057232260995
0.042661066317145016
0.0425616291692073
0.04094317944113427
0.04223344797613827
0.041296993518220554
0.04341773533957894
0.043650897799574886
0.04330461142543063
0.04460719402466784
0.04440367460125199
0.04515929389728626
0.04410174055516618
0.04463536410306551
0.04384770050880252
0.043081502671857015
0.042584887317493846
0.042202989811234146
0.043204868423795416
0.04376976866306104
0.04291380125428113
0.04340815990615738
0.04311191999524599
0.043452225271203494
0.042813125904464684
0.0435001480551131
0.04488123756575369
0.04458305898643011
0.04369553871851167
0.04220557252575527
0.04260867606664979
0.04259341286112176
0.0434032546724462
0.0424481222251663
0.04237684629819196
0.04257107917844041
0.04339915258811816
0.042780768530820204
0.04282319861778451
0.042689202730399486
0.042174165053628164
0.04209598285670654
0.04437016013033571
0.0431242332516289
0.04275751170681033
0.04098649081360636
0.041972687627005505
0.04196729798442539
0.04294790705222477
0.042564219059475
0.043018209707991625
0.04272543397210538
0.0442014982896173
0.0441445336826946
0.041669157551098034
0.04153091730856104
0.04204023904016649
0.04191269312056393
0.04435871928173401
0.04264865312677575
0.042229517848882826
0.04169473776467348
0.042887860689105585
0.04335027106339112
0.04212590697852284
0.04283778097902541
0.04283903654986134
0.041794263863321975
0.04379808225309971
0.044585342265216606
0.04323332265432564
0.04295671368500262
0.04266868152064271
0.04270567879936334
0.04323711798443001
0.04370415288182849
0.042466109099955796
0.04188384929114982
0.04297191558797058
0.041149206051937656
0.04129094735731778
0.042838252559220566
0.042930764445677415
0.042009822266447006
0.042868287920055446
0.042441761407263405
0.04310672629899491
