96.23
97.79
98.11
98.2
98.53
98.45
98.53
98.7
98.69
98.69
98.7
98.78
98.9
98.91
98.85
99.01
98.93
98.91
98.9
98.79
98.85
98.85
98.85
98.86
98.91
98.97
98.94
99.03
98.94
98.91
98.97
99.01
98.91
98.97
98.98
99.02
98.91
98.92
98.94
99.0
98.92
98.95
99.07
99.03
99.01
99.05
98.97
99.04
99.08
98.99
99.06
99.03
99.08
99.13
99.06
99.02
99.01
99.05
99.08
99.06
99.05
98.99
99.04
99.07
99.04
99.17
98.95
99.11
99.11
99.07
99.1
99.09
99.02
99.13
99.09
99.06
98.91
99.08
99.04
99.15
99.1
99.08
99.1
99.12
99.06
99.07
98.98
99.11
99.0
99.1
98.98
99.01
99.0
99.05
99.07
99.08
99.0
99.02
99.12
98.95
99.03
99.01
99.05
99.04
99.03
99.07
99.09
99.06
99.04
99.06
99.12
99.03
99.03
99.03
99.06
99.03
99.09
99.11
99.01
99.07
98.78
99.06
99.05
99.01
99.06
98.95
98.99
99.12
99.09
98.99
99.05
99.15
99.05
99.1
99.02
99.0
99.12
99.13
99.02
99.02
99.07
99.03
99.06
99.08
99.06
99.02
99.02
99.13
99.05
99.0
99.03
99.1
99.15
98.99
99.11
99.12
99.16
99.11
99.17
99.08
99.09
99.07
99.04
99.08
99.0
99.19
99.17
99.07
99.1
99.03
99.08
99.06
99.09
99.09
99.11
99.02
99.03
99.08
99.01
99.07
99.09
99.09
99.02
99.02
99.08
99.05
99.08
99.11
99.06
99.16
99.09
99.16
99.07
99.0
99.01
99.09
99.02
99.11
99.04
99.12
99.09
99.04
99.07
99.09
99.02
99.11
99.09
99.04
99.01
99.03
99.02
99.07
99.12
99.01
99.11
99.04
99.07
99.16
99.01
99.02
99.03
99.05
99.12
99.05
99.11
99.06
99.07
99.05
99.06
99.13
99.13
99.17
99.16
99.06
99.05
99.05
99.09
99.02
98.92
99.01
99.05
99.08
99.05
99.03
98.97
99.1
99.13
99.09
99.01
99.16
99.04
99.14
99.07
99.07
99.08
99.1
99.11
99.06
99.03
99.09
99.09
99.01
99.07
99.08
99.15
99.09
99.04
99.07
98.96
99.06
99.1
99.01
99.11
99.0
98.98
99.04
99.02
99.05
99.08
99.12
99.1
99.1
98.96
99.05
99.0
99.06
99.01
99.1
99.01
99.0
98.96
99.11
99.01
99.04
99.03
99.02
98.99
99.05
99.01
99.08
