0.16109303950071335
0.07346642259396613
0.060075479106698186
0.05713452137033455
0.04948457786664367
0.05021946179122315
0.04764947745370446
0.04415186337378691
0.043620863027800806
0.042076654666417745
0.04207488837389974
0.040385702013177795
0.03735512211280293
0.03805461401471402
0.03913342797056539
0.03571536652802897
0.037329800625705685
0.036491159888610125
0.03833930081372964
0.04091163030546304
0.037956617762052336
0.037649775794602464
0.03510046969882096
0.03812898869070923
0.03456798050921061
0.03572388408798433
0.03667799001246458
0.03528947369043308
0.03666769130009343
0.0362115357399729
0.03561731592846336
0.034157185114800814
0.03603050130466581
0.036680363943232805
0.038125640589490646
0.036131874986187903
0.03939220410534472
0.038011943085292293
0.036859228110317784
0.03651548835205322
0.03953450218286889
0.03855833096629358
0.03400878254648051
0.035232931030006145
0.03728512000571318
0.03372879963870801
0.03639719847147353
0.034954576608959904
0.03559562415624459
0.03574529896753666
0.034846662524764545
0.03704067422762018
0.03473229181581119
0.035606770251765556
0.0352971419476271
0.0379408083905073
0.03593980058656598
0.036118554690686866
0.03259946089819714
0.03740575366909834
0.036533018356521646
0.03426800096996594
0.03579815268097446
0.034552938306663415
0.03481168994795989
0.03458516107518626
0.03538776679056609
0.03393559793773311
0.03429328623074107
0.03372610243193194
0.03290137246697559
0.032816180921543855
0.03476708010859584
0.03334013542666507
0.03289108431662025
0.03447810381250529
0.0360293931595279
0.033145841309210666
0.03358418150777725
0.032441807512624654
0.03503015582958106
0.03085368626296695
0.033845597834587536
0.03355621234020364
0.03257882467859599
0.03483352175604668
0.031682206114393194
0.0310422963521356
0.03646249119214844
0.032063305912463695
0.03442251119087596
0.03464328073298093
0.033377345445858374
0.03264687158729357
0.03456908128760406
0.033706320424930894
0.03399320965129009
0.03491470470107588
0.03413786793600957
0.03668773852355007
0.03299928241552552
0.03479945234814732
0.032958318349883484
0.035832973269134524
0.035108404479206365
0.03490073676430766
0.0316092684363728
0.03217072379284073
0.03424421963236528
0.03668261537295475
0.03492770708691387
0.034073383393962285
0.035862845668737285
0.035653585837782886
0.0355917132696748
0.03241667722036109
0.0343134122935764
0.036450662056167496
0.035862621714180566
0.03523977982132746
0.03702305789740203
0.03453450416655978
0.03368551824011229
0.035730977666760734
0.03371583331795118
0.035748737870783955
0.03643705772922367
0.03206839856467559
0.033068802977967424
0.03316286846205621
0.03345436742789316
0.037427322544902566
0.03603550687682291
0.03391403057720454
0.03414846411259496
0.03508544222907512
0.03336862145535415
0.03413292249814549
0.03495879576025473
0.03608684975371871
0.03545232923427684
0.0326986249230642
0.03642911574228347
0.034350871021539206
0.031821788648079385
0.03649144817720662
0.03502535897404014
0.034806447269515046
0.03328845810742423
0.037179266744258345
0.03335126103758084
0.031108046318720155
0.0316700313794252
0.03315697789995466
0.03254567711779673
0.034851269084728846
0.03294060250700495
0.03345129749501648
0.03417753661897186
0.036419344215339516
0.034577492139815875
0.03395841650417788
0.033833353112205075
0.033854453962559636
0.03454504326086317
0.030162761649991442
0.03192581705009798
0.03302082272313273
0.03363021722280209
0.0350802638905061
0.03302376796035387
0.03323853078872016
0.034529117611463156
0.03725036278481493
0.03590186975556717
0.03437936503752862
0.03351092759055609
0.03343692114620207
0.034965246492618465
0.03737616839986404
0.035627053393751704
0.03138369024716194
0.03434212365668664
0.03536288443258381
0.03152556046311656
0.034718101757477415
0.03207276014903473
0.03372143085112475
0.03605351481899852
0.03287321915099455
0.034917054589363394
0.032171115095981806
0.03603555659179546
0.033332006480274505
0.0336937202949317
0.0334785724051806
0.032075046609851415
0.03315332278762653
0.0330280277283251
0.03738609352413332
0.03540879622986104
0.03469146161885801
0.035368550860730104
0.0367279104322457
0.033642724676760556
0.03046017109816894
0.0326607211704315
0.03131473900141718
0.034123677829622466
0.03238685541152081
0.03507056384899479
0.03163458380918892
0.03360986602632911
0.0341175297834212
0.03203874380857742
0.035171234424423894
0.03458439621144207
0.03184700237811776
0.03527228170309099
0.03462837683677644
0.035836038141396055
0.035090041530888995
0.03100811993950374
0.032178845439896395
0.03235618815804628
0.03289714903555796
0.03142013099846372
0.03174562273425945
0.03195311080366555
0.033009785194526194
0.030813431128851515
0.03187200964201329
0.032231849786560636
0.0340517587970171
0.035330430896297914
0.03507824690726029
0.035313801937730024
0.034984163210593396
0.039157036376028555
0.03483112015105944
0.03290070413598951
0.031034519746227306
0.0323697618424907
0.030972526714978448
0.033060727134485206
0.03222672701327974
0.03037533622366027
0.031019532973010792
0.03519880687044642
0.031187404747573602
0.03354633648747258
0.031960012021627335
0.03284203462334263
0.035391846231131056
0.03299622337546025
0.03457216243953298
0.03446789061733289
0.03509708919825498
0.034335354162460134
0.03499801949778266
0.03478553744165547
0.03566494353195158
0.03559477346905915
0.03213572406123422
0.0350787645497483
0.03476906678306332
0.030582298179659118
0.03351049470456055
0.03513977526699309
0.0346175722191605
0.033776430029777114
0.035041460168972846
0.03548308092711086
0.034313924194152426
0.03226478262807504
0.03703195705919934
0.035350908938358405
0.034524127193149616
0.035369591200000286
0.031754114616935114
0.03105863095150726
0.033097607366128066
0.036149757313694866
0.03359785261604702
0.03479775828890924
0.0327875766920064
0.0346608866969269
0.034632242578067234
0.03311333798743144
0.036272581069266015
0.03579981965708503
0.03212091950132744
0.03502258721241669
0.034850438202704025
0.03116270997809079
0.0322456921500685
0.038191658081994685
0.03497413826626362
0.03519537961785681
0.030577667808996192
