2.2984304412841796
2.257243725204468
2.031691893196106
1.9271490932464599
1.8405812902450562
1.7558162593841553
1.6719968585968017
1.6134292263031005
1.569140104484558
1.5484928398132325
1.5275571969985962
1.5025164726257325
1.5079767055511475
1.5073782243728637
1.510277999687195
1.5170886648178101
1.517968518638611
1.555147846221924
1.5900917821884155
1.6204617488861084
1.608868190574646
1.6179449897766114
1.6514844007492064
1.6271805089950562
1.711975242614746
1.6530673929214477
1.6853157598495483
1.6988111042022704
1.7248102323532104
1.705112646484375
1.7123581335067748
1.7232744525909425
1.6872461908340455
1.7440438989639282
1.7144922012329102
1.6979144660949708
1.7373263372421264
1.6803994415283203
1.7375671657562255
1.7491579181671142
1.7483793071746827
1.7254118618011474
1.7667747379302978
1.7616774044036865
1.7438370780944825
1.7310751026153564
1.7597418676376342
1.753323302078247
1.774145442199707
1.7657358455657959
1.8038225776672363
1.7588669246673585
1.7637813732147216
1.7613001537322999
1.7787890743255614
1.7973800285339356
1.802410636138916
1.8314759410858155
1.8163659397125245
1.8165802627563477
1.8480810356140136
1.760489234161377
1.8425431396484375
1.814672055053711
1.8427795932769775
1.819611354827881
1.8402594451904297
1.81466188621521
1.8263495376586913
1.865053494644165
1.839834401702881
1.8642158443450927
1.8580625289916992
1.8538796043395995
1.8672172473907471
1.8284464393615723
1.8556580657958985
1.8939143424987792
1.8405636959075928
1.8710065841674806
1.8920315578460694
1.9219923686981202
1.9060362686157226
1.858043904876709
1.87378939704895
1.9106574119567872
1.864016427230835
1.8546376739501953
1.9036295055389405
1.9303772212982178
1.9301448173522948
1.9074910804748535
1.8807814807891845
1.9264916156768799
1.8872476863861083
1.944722097015381
1.909473694229126
1.934598288345337
1.8903752952575683
1.9439945545196533
1.9267559036254882
1.913999225616455
1.920536173248291
1.915754270172119
1.8992587585449219
1.9376565029144288
1.9151599605560303
1.8970310398101806
1.874931623840332
1.912101803970337
1.9563705642700195
1.9147614204406738
1.9120915557861329
1.9722304412841798
1.9538649612426757
1.9112600521087646
1.927136026763916
1.941007194519043
1.9153661125183106
1.9363374645233153
1.9296051517486572
1.9411509578704833
1.941043912124634
1.916202209854126
1.9470461246490478
1.91986149559021
1.9177938659667968
1.9649142944335938
1.9434470630645753
1.9686817287445069
1.9987782821655273
1.9539009586334228
1.941772861099243
1.9356079238891601
1.9436105716705323
1.9833611518859864
1.9603219562530518
1.9706821685791016
1.995578834915161
1.9850194705963136
1.963180824661255
1.973125216293335
1.9806538471221924
2.00978109703064
2.004190104675293
1.9836737148284913
2.0008107109069826
1.9792397453308106
2.0105647983551025
1.99326576461792
2.0500486209869386
2.0166774482727052
2.0411317768096926
2.0652163425445558
2.0147934589385987
2.0033005310058596
2.032888780593872
2.0259788848876954
2.029529020690918
2.002292607879639
2.0183499485015868
2.017164527511597
2.014086331176758
2.0341197746276856
2.014509299468994
2.0416347412109377
2.0135977813720705
2.0138374114990234
2.001891509628296
2.019042115402222
2.0128193775177
2.0018393238067627
2.0676586364746092
2.01155403137207
1.9941057941436768
2.0372057041168214
1.9889781764984131
2.012086961364746
1.9996261611938477
2.0302979503631593
2.079362635421753
2.0440777961730956
2.032977561187744
2.0525570713043213
2.036654570388794
2.047150612640381
2.046028090286255
2.046130326461792
2.066795137023926
2.0445430263519286
2.0435262634277342
2.025330027770996
2.0531246139526367
2.056499189376831
2.0082946014404297
2.0323015697479248
2.063466431427002
2.0641690135955812
2.063718200302124
2.04211541595459
2.139436583328247
2.120396120071411
2.0587792671203613
2.0581345626831054
2.0771845123291017
2.073256714630127
2.0862124046325685
2.047952788925171
2.093332845687866
2.0669945373535157
2.107883890914917
2.0572000858306887
2.08920129699707
2.1448023052215577
2.171892818069458
2.124359146499634
2.088185054397583
2.0649705421447755
2.081288753890991
2.0802073066711424
2.079970365142822
2.132109450149536
2.118318007659912
2.1359854740142823
2.107284289932251
2.101201117324829
2.1129494216918947
2.1117029689788818
2.0699938102722166
2.100577540588379
2.093167534637451
2.09918059425354
2.148708127975464
2.160568856048584
2.115141665649414
2.1156202339172365
2.1182810798645018
2.105245631790161
2.128888555908203
2.17158067817688
2.1461701812744143
2.1233996307373046
2.143780319595337
2.1869051509857176
2.1594802841186524
2.1607403285980227
2.1476299781799315
2.1311442165374754
2.154586901473999
2.1866443481445312
2.1519655220031737
2.1646681865692137
2.133855265426636
2.161339482498169
2.1450536609649657
2.2181671199798583
2.160548585128784
2.156909652709961
2.169421047592163
2.1882667613983156
2.1459322467803954
2.150166617965698
2.1742541831970215
2.1786580078125
2.1351342338562014
2.204170620727539
2.167952889633179
2.1421827667236326
2.1550482959747312
2.153060968017578
2.221398513031006
2.2288220371246337
2.2210820766448975
2.1760921966552735
2.221282588195801
2.192798574447632
2.2008262645721435
2.200096410369873
2.1953976947784426
2.2085278903961183
2.172390284347534
2.172663038635254
2.1910279846191405
2.1555716316223146
2.1901087730407713
2.266689366531372
2.2093454074859618
2.1574682262420652
2.1939108394622804
2.1977283657073974
2.2041599193573
2.2602526725769043
2.273720648574829
2.2161131031036376
2.244497443008423
2.213680800628662
2.1931543392181396
2.2030475158691405
2.261154776382446
2.2440915313720704
