31.04
25.85
44.55
50.82
40.64
56.26
56.25
43.85
43.84
75.62
64.25
68.55
83.86
79.37
70.44
77.28
72.05
85.13
83.41
69.38
72.07
90.6
82.0
77.95
64.63
86.51
86.04
85.48
89.88
94.13
85.53
88.01
91.54
81.77
91.97
95.62
92.01
83.99
85.0
88.86
88.16
96.37
86.92
93.24
73.97
86.29
79.58
90.82
88.92
88.35
87.55
91.39
85.3
91.31
89.0
84.53
81.74
79.81
89.07
93.89
88.79
95.3
89.03
85.73
92.16
84.71
77.83
86.16
85.61
88.83
95.36
88.65
79.82
89.51
91.68
86.8
88.68
87.57
80.03
91.46
89.53
92.76
84.0
86.38
87.15
84.88
95.9
88.38
81.19
94.3
95.21
95.93
96.04
87.23
87.38
91.24
92.91
84.9
96.61
94.4
89.14
97.36
82.31
81.74
96.71
94.26
92.53
96.15
85.91
95.86
93.62
95.24
83.54
92.31
93.09
96.81
94.67
93.75
96.33
94.27
93.99
97.75
97.9
95.11
85.51
89.28
93.76
85.65
84.9
84.47
97.13
89.89
95.5
94.11
90.18
85.28
97.47
85.02
96.29
96.41
93.53
90.16
90.86
97.71
96.43
93.03
92.84
96.3
97.0
92.8
94.34
95.04
96.83
95.96
92.03
97.57
93.52
92.39
97.13
96.95
85.28
91.08
94.39
96.73
93.58
94.63
92.69
87.65
84.75
96.49
89.37
81.16
84.11
97.65
92.61
97.31
93.45
93.64
94.07
75.44
95.19
92.98
84.74
94.04
87.32
91.87
96.47
92.89
91.73
96.33
96.93
86.12
96.06
94.84
96.6
85.64
94.73
91.19
96.83
96.58
96.63
96.58
96.09
92.54
93.52
77.85
83.52
86.42
85.13
98.36
96.32
95.39
90.33
96.79
96.17
95.48
97.86
90.18
86.46
95.05
96.45
87.59
89.18
96.26
89.86
79.39
97.48
90.49
97.33
93.03
89.55
89.93
95.29
96.26
97.27
94.41
96.31
96.34
96.81
95.07
94.1
86.8
91.73
92.69
88.88
90.7
96.58
96.98
91.67
86.98
91.18
84.89
89.09
86.13
98.03
89.83
95.04
92.82
97.38
96.35
93.3
87.74
95.46
92.24
95.03
95.99
89.67
87.13
90.65
97.81
94.48
85.25
86.56
88.79
88.31
95.21
97.41
97.15
94.31
82.66
90.58
86.05
95.0
96.71
93.72
94.25
95.17
86.67
97.57
97.13
96.58
93.31
95.83
96.18
96.87
93.49
94.37
91.32
94.43
97.21
