3.2714417175292967
4.477423801422119
2.885758916473389
1.7872445236206054
2.1895058086395265
2.5238884059906006
2.738252230834961
2.2677816711425782
2.165234091567993
0.9428023052215576
1.479690933227539
1.5834681154251098
0.4717383505344391
0.5305563956737518
0.8290367577552795
1.02068492975235
1.2705221797943116
0.4011761652946472
0.8722820695877075
1.058559914302826
0.9419305903434754
0.27506154141426087
0.549198286151886
0.8156763399124145
1.6354581018447876
0.371208349609375
0.4420570336341858
0.4815517713785171
0.30867624580860137
0.1813321739792824
0.4176335821151733
0.3481297631263733
0.2444467474937439
0.6360277905464172
0.23131655795574188
0.13789462224841117
0.2214469055533409
0.5374634168624878
0.48442817442417146
0.3479433719873428
0.3519142312288284
0.10643069043159485
0.3928576641559601
0.20646284147202967
1.2498147033691407
0.4613296374797821
0.7753729886054993
0.30075467712879184
0.32382697327136994
0.335802449464798
0.3610466891288757
0.24956650185585022
0.42291039872169495
0.25380964024066927
0.3343771457076073
0.6998679521560669
0.8247576674461364
0.7481134714126587
0.3447436908364296
0.1878806678056717
0.36157633042335513
0.14099759431481362
0.33471076912879943
0.600973519229889
0.2261545087337494
0.5702386858940125
0.8028476792812348
0.42184795107841494
0.47435814690589906
0.34960535739660265
0.13316701896190644
0.3578339096546173
1.2166525014877319
0.3192191599607468
0.24383090729713439
0.4610419371128082
0.3470751056909561
0.43889765214920046
0.6871301451206208
0.2929887761890888
0.35667354238033294
0.21561782222390175
0.5582150215625763
0.42796106157302855
0.3725127914428711
0.5716901566028595
0.12482470341473818
0.3694871410727501
0.6979137386798858
0.17706087866425516
0.13800333784222601
0.12279531513750554
0.11872303724884987
0.40359382257461546
0.4240719172716141
0.28497639367580413
0.20565384491682054
0.5370630698204041
0.09857704566046596
0.17498710007667542
0.35463658678531645
0.07973862336874009
0.6188351663589478
0.8171072792053222
0.10003326081037521
0.1762218749433756
0.24270600953102112
0.12372033814191818
0.48221961925029755
0.12606877059042454
0.18807063410133124
0.15387518254816532
0.5575238761901855
0.23409414384365082
0.20949617729187012
0.0978170503795147
0.16957407186031342
0.1925048415184021
0.10470533670559526
0.16240392563343048
0.17734714555740355
0.07527308385372161
0.06816069940105081
0.15177109180688858
0.45935600109100344
0.3262730198383331
0.1884937817335129
0.42003241181373596
0.5452967660427094
0.5309167729377746
0.08415562510490418
0.31109404349327086
0.1359572557747364
0.18156975713968276
0.35355547897815703
0.4809014853477478
0.07090647521112114
0.6215836209774017
0.11948460355252027
0.1124680530488491
0.19339789737462998
0.29076904923915864
0.2570786151170731
0.0724321330472827
0.10203805692195893
0.2048400257706642
0.2177094043135643
0.11339853853434324
0.0959422134399414
0.22249407756328582
0.1743511416554451
0.15262739332914352
0.10020556227266789
0.12172882289886475
0.2526569060027599
0.08193820645660162
0.20250797939300538
0.24999588282108307
0.08457246836004778
0.09559436785429716
0.9795715036392212
0.2583185306429863
0.16226781718730926
0.10071915892735124
0.20217511301636695
0.16823511458337306
0.23019553655385971
0.40828841156959533
0.9370989743232727
0.10592959574908017
0.3399274837732315
0.7231593646526336
0.8488794635772705
0.07071878511309623
0.22906649181246758
0.08675391663610935
0.20407983392477036
0.20715598541498184
0.18581456034183502
1.0340914946556092
0.1447676883816719
0.24474946279525756
0.5146931140899659
0.16834074440002442
0.49094265666007997
0.2648370288968086
0.11066371282339096
0.21341807738542556
0.2548470560669899
0.11926069893017412
0.0967134632229805
0.4745138125419617
0.11899843742847442
0.16556059969067574
0.10135043112933635
0.4665046215057373
0.17321896541118623
0.25942732763290405
0.10263345514386893
0.10738114438802004
0.09944932370483875
0.10029944045245648
0.11862002423405647
0.24907795586287976
0.201736057305336
1.0540965569496155
0.8139297099113464
0.4608617437362671
0.7155091358661652
0.05059992072959431
0.11739825191497803
0.13126698405742646
0.30940433994233607
0.09535915456712246
0.11755282625257969
0.14595878208875657
0.06549128857590258
0.34503091106414796
0.4440888312339783
0.15277309272885323
0.10859333765506744
0.6248311097621918
0.316399432015419
0.1111252471126616
0.38931756887435914
0.7202962651252747
0.08028506735302508
0.26976235625743866
0.07726329635083676
0.20317834074497224
0.36751296713352205
0.32766289710998536
0.15169601534605026
0.11775871960818768
0.08908534634411334
0.18810479537546634
0.12381470437049866
0.11320313404202462
0.09309546295404435
0.14580075401067732
0.1669535955429077
0.7256362244606018
0.2690677263230085
0.23943491752147675
0.37178414912223817
0.29954187850952146
0.10210827535986901
0.09213580924868583
0.2527832782864571
0.42748750140666963
0.2818850433886051
0.5303231760501862
0.31683132138252257
0.4527887524604797
0.0602101157695055
0.33231044968366624
0.1572060146763921
0.2265605976343155
0.08025668231919408
0.11715840475894511
0.20717456390857697
0.5763942841529847
0.1317920003719628
0.2643709202528
0.15086740985512734
0.11901142768859864
0.316914838552475
0.43124966855049135
0.30039002454280855
0.06611256821602583
0.1718883822262287
0.5986402044296265
0.8333739837646484
0.6427435861587525
0.5629993654727936
0.15681201317608356
0.0784810694679618
0.08747172441892326
0.19954069119095802
0.6352203141212464
0.3339407836616039
0.6020749936103821
0.15526812635660173
0.0979545785240829
0.21006071605682372
0.18124959958940745
0.16252416997253893
0.5924833879470826
0.0747839089859277
0.09252612152844668
0.1133104381069541
0.20784501261897384
0.13480831276774408
0.12426242909282446
0.09376928572803736
0.20683863782882692
0.17981170452833176
0.27582674651145933
0.18784861291348934
0.08442478269301355
