10.76
11.98
10.14
10.06
10.01
10.76
10.93
12.34
17.75
18.32
19.05
17.82
18.19
21.48
21.95
24.38
26.98
27.59
29.22
30.51
30.22
31.47
32.28
32.76
33.43
34.29
34.58
35.48
35.62
35.94
36.32
37.12
38.0
38.14
38.41
38.61
39.43
39.69
39.85
40.42
40.58
40.77
41.41
42.01
42.33
42.05
42.86
42.95
43.48
43.46
43.76
43.66
43.99
44.31
44.38
45.39
45.32
45.67
45.68
45.63
46.36
46.35
46.87
46.94
46.16
47.21
47.2
48.08
47.72
47.46
48.24
48.17
48.82
48.63
48.23
49.3
49.22
48.97
48.85
49.03
49.59
50.01
49.88
50.06
50.45
50.72
50.39
50.63
50.65
51.19
51.3
51.37
51.3
51.85
51.76
51.93
52.15
51.97
52.64
52.67
52.12
52.51
52.93
52.85
52.81
53.05
52.6
53.36
53.49
53.32
53.37
53.67
54.09
53.86
54.05
54.4
54.44
54.5
54.89
54.22
54.52
54.38
54.24
55.51
55.04
55.14
55.01
55.38
55.16
54.9
55.0
55.27
55.18
55.86
55.35
55.36
56.02
56.26
55.8
56.05
56.12
56.12
56.22
55.88
56.44
57.01
56.72
56.69
57.07
56.44
57.19
56.77
57.25
57.11
57.22
57.27
57.03
56.77
57.26
57.53
57.27
57.26
57.57
57.42
57.21
57.3
57.31
57.78
57.13
57.31
58.13
57.79
58.07
58.34
58.45
57.68
58.4
58.61
58.57
58.4
58.52
58.66
58.45
58.94
58.62
58.5
58.36
58.79
58.72
58.81
58.75
58.76
58.89
58.36
58.94
59.23
59.2
59.17
59.16
58.42
58.69
59.29
58.99
58.92
58.77
58.6
59.83
59.27
59.33
59.53
59.8
59.52
59.14
59.37
59.38
59.42
59.66
59.49
60.02
60.05
59.81
59.71
59.82
59.88
59.75
60.05
59.74
59.81
59.5
59.78
60.17
60.44
59.89
60.06
60.04
60.57
60.62
60.3
60.36
60.38
60.07
60.48
60.37
60.67
60.49
60.33
60.73
60.56
60.45
60.41
61.04
60.76
60.59
60.72
60.31
60.78
60.78
61.01
61.13
61.03
60.76
60.75
60.85
60.73
60.9
60.94
61.18
60.82
60.95
61.44
61.21
61.45
61.03
61.16
61.2
61.2
60.86
61.5
61.03
61.17
60.95
61.26
61.58
61.23
61.13
61.55
60.9
61.03
61.32
61.49
61.36
61.56
61.64
61.55
61.75
61.76
61.58
61.5
61.26
61.53
