12.54
16.3
22.99
31.23
45.78
55.89
59.54
63.31
66.44
68.24
73.98
76.88
79.76
83.07
85.37
85.37
86.0
87.2
87.63
88.55
88.82
89.13
89.57
90.19
90.26
90.62
91.09
90.89
91.43
91.54
91.74
91.76
92.06
92.27
92.55
92.57
92.73
93.09
92.66
93.07
93.15
93.19
93.25
93.34
93.6
93.45
93.64
93.57
93.9
93.83
93.99
94.2
94.11
94.28
94.06
94.24
94.31
94.39
94.41
94.54
94.56
94.61
94.67
94.65
94.67
94.7
94.73
94.72
94.88
94.79
94.88
95.0
95.05
94.94
95.01
95.09
94.98
95.15
95.15
95.22
95.14
95.2
95.35
95.29
95.3
95.34
95.3
95.39
95.41
95.57
95.42
95.56
95.49
95.6
95.72
95.69
95.73
95.62
95.75
95.8
95.82
95.81
95.83
95.9
95.94
95.87
95.94
95.92
96.01
95.9
95.94
96.02
96.17
96.15
96.12
96.16
96.22
96.08
96.14
96.19
96.11
96.25
96.25
96.19
96.22
96.38
96.27
96.27
96.21
96.27
96.23
96.31
96.41
96.39
96.33
96.47
96.33
96.39
96.37
96.31
96.42
96.4
96.52
96.41
96.42
96.5
96.48
96.51
96.49
96.6
96.5
96.56
96.56
96.6
96.61
96.58
96.63
96.6
96.69
96.59
96.54
96.65
96.61
96.66
96.61
96.66
96.73
96.67
96.65
96.75
96.7
96.74
96.74
96.77
96.75
96.74
96.76
96.79
96.91
96.75
96.85
96.76
96.82
96.81
96.83
96.75
96.82
96.81
96.9
96.76
96.84
96.88
96.85
96.88
96.9
96.9
96.87
96.91
96.96
96.97
96.92
96.89
96.98
96.97
96.99
96.86
97.0
96.92
96.98
96.93
97.07
97.02
97.04
97.05
97.04
97.06
97.06
97.03
97.01
97.06
97.04
97.01
97.03
97.1
97.07
97.03
97.12
96.9
97.11
97.05
97.1
97.12
97.07
97.09
97.18
97.15
97.1
97.22
97.07
97.13
97.08
97.19
97.15
97.14
97.18
97.2
97.21
97.15
97.26
97.21
97.18
97.19
97.22
97.25
97.28
97.22
97.23
97.19
97.13
97.19
97.21
97.13
97.14
97.2
97.16
97.18
97.23
97.24
97.27
97.25
97.25
97.29
97.28
97.25
97.21
97.26
97.26
97.34
97.37
97.34
97.33
97.27
97.28
97.27
97.3
97.34
97.32
97.28
97.32
97.25
97.27
97.34
97.27
97.3
97.39
97.34
97.25
97.29
97.39
97.32
