2.287513577270508
2.264836054611206
2.242674269104004
2.2160655910491944
2.180573387145996
2.1330135330200197
2.0677217124938965
1.9754533330917359
1.8538373064041138
1.6983729486465453
1.5155243057250976
1.3418361640930176
1.1658356620788575
1.0214202995300292
0.8960822692871093
0.7966573470115662
0.7223900433540345
0.6669856905937195
0.6109452728748321
0.56920167593956
0.5366608447551727
0.5122705565929413
0.48644882049560545
0.45886729989051817
0.43951619215011595
0.41565497751235964
0.3964342396259308
0.3813499310016632
0.36221165380477904
0.35857277309894564
0.33887620165348054
0.33864725406169893
0.32598263213634493
0.31331930639743805
0.3015886310815811
0.29587631511688234
0.28705637691020963
0.28267340579032896
0.2789873271942139
0.26758539144992827
0.26851213517189026
0.2626436457157135
0.25756561908721926
0.2501039647936821
0.24291644397974013
0.24327035908699035
0.23720493090152742
0.23719798253774643
0.22809570820331573
0.22575130208730698
0.22036693329811097
0.2202693271636963
0.21741843185424806
0.20884183818101884
0.21509597487449647
0.20944963573217393
0.20442928228378296
0.20287469507455827
0.20217125890254975
0.19921520627737047
0.19640368925333024
0.1929144719004631
0.19079465923309327
0.18980812015533446
0.18806211675405501
0.18528684760928155
0.18267879273295404
0.1846460212647915
0.180204590511322
0.17883765870332718
0.1768358731985092
0.17430672466754912
0.17458473052978515
0.17238073289990424
0.17065154215097428
0.16893546580672264
0.1678942389667034
0.1658041757941246
0.16571074362397195
0.1653488755404949
0.16643522223830223
0.16163550060391427
0.16197964174747467
0.1586481279373169
0.1602303047478199
0.15617586734890937
0.15628421652913094
0.15396028289198876
0.1552267772436142
0.15140632061362266
0.15326273825466633
0.14880648165345192
0.15062419240176678
0.14966861933469772
0.14598433416485787
0.14598882215619088
0.14633553120791912
0.14542223824262618
0.14418602909743786
0.1434218487918377
0.14145256493091582
0.14150968739390374
0.14059958342313766
0.13870236510634423
0.13865868777632714
0.13849576163589955
0.13776740831136702
0.13754544793963433
0.1365305823802948
0.13620811508893968
0.13507498904466628
0.13474004356861113
0.13238128532469273
0.1320739167392254
0.13180202958881854
0.13161814359724522
0.13040504061579705
0.1319449522256851
0.13167303519695997
0.12969361618757247
0.12963798678666352
0.1277553845733404
0.1284773939743638
0.127996863296628
0.12876514601260425
0.12688251507878304
0.12523885731101037
0.12469297026395798
0.12573700661212206
0.12487859064042568
0.1255856448456645
0.12365346123874188
0.12250343534201384
0.1221691222667694
0.12256829372197389
0.12131163033992053
0.12219904977679252
0.12158750767409801
0.12122121486067772
0.12171634240746498
0.11936370891928673
0.11929581193625927
0.11926147623360157
0.11925707869827748
0.1197247114226222
0.11823225820511579
0.11759339601099492
0.11603818831890822
0.11672193475663661
0.11438875178694725
0.11562306392490863
0.11495950885713101
0.11484493909329176
0.11466661908328533
0.11375502790361643
0.115143660902977
0.11431680531650781
0.11515826936662198
0.11389320723563433
0.11321946706324816
0.11318645185083151
0.11257194898724555
0.11185692720264197
0.1110008808195591
0.1125729676797986
0.11121093371510506
0.1107687619626522
0.11107991364225746
0.11087835710942745
0.1103506768360734
0.11012373611554503
0.10892326330244541
0.10783606119900942
0.10822269694358111
0.10895955596119165
0.10782716866657138
0.10761038974374533
0.10712508571147919
0.1062510039716959
0.10677969816327094
0.10736570764183997
0.10666611334383487
0.10566297659128904
0.10538477662205696
0.10459721950665116
0.10552415062636138
0.10416015834510327
0.10312853829264641
0.10282744768559933
0.10406452560946346
0.10255149072259664
0.1031847553782165
0.10337085240483283
0.10334707606360316
0.10360773581713438
0.10188020752295851
0.10229475586935878
0.10192853105440736
0.10070024888142944
0.10144160601496696
0.10088697061687708
0.10104705968648195
0.10030722365304828
0.09998635083809496
0.0991240686751902
0.10001149787530303
0.0992876916691661
0.09986299581974745
0.09867554045021534
0.098757681915164
0.09860622937753796
0.0993355005159974
0.09839164811819792
0.09761851389855146
0.09679023390486836
0.09656159582398832
0.09734346996471285
0.0966166738897562
0.09687917766831815
0.09689685840606689
0.09663197641931474
0.09740081669837236
0.0960950317569077
0.09672105004563927
0.09575546496212482
0.09462287211716175
0.09422255126461386
0.09567723092362285
0.09433658089861274
0.09430826237723232
0.09476840211600066
0.09334663566499948
0.09382112043648959
0.09343769015148282
0.09357855286970734
0.09370305818468332
0.09245790565237402
0.09215184905976057
0.09274302290529013
0.09276325006783008
0.09337248694375157
0.09274915850535036
0.09232751046195627
0.09230572735108435
0.09167018493786454
0.0904765226598829
0.09155850902162492
0.0904768926423043
0.09065883079394699
0.09091647215336561
0.09023601085469127
0.09003541428744793
0.08978661953546106
0.08947031690180302
0.08948244190849364
0.08944622649885714
0.08915799536816776
0.08952225329093635
0.0891372077677399
0.08913417377658188
0.08862473342455923
0.08905667749345303
0.08994523756951094
0.08899388597533107
0.08932280045635999
0.08888418656215072
0.08779315071329474
0.08806711189523339
0.08781566069833935
0.08821635892763734
0.0867206725820899
0.08746955909505487
0.08757777069807053
0.08650404023937881
0.08697557316869498
0.08660106622613967
0.08698476796932518
0.0864680356208235
0.08621751247458159
0.08641436376795172
0.08664842820670456
0.08655670624002815
0.08617154136449098
0.08573847180716693
0.08523033360987901
0.08601473274230957
0.08506835974343122
0.0850977623756975
0.0851768886089325
0.0845427459590137
0.08458155974596739
0.08501862896457314
0.08465625513382256
0.08524262208342552
0.0838911456860602
0.08453004779927432
0.08536887541078031
0.08416677783783526
0.08326884991191327
0.08345086071379483
