14.34
25.15
30.18
33.92
36.95
39.47
41.28
43.66
45.07
46.94
47.97
48.83
49.68
49.99
50.83
50.84
51.49
51.99
51.8
51.84
52.22
52.25
52.46
52.82
53.09
53.09
52.67
52.85
53.16
53.15
53.32
53.34
53.16
53.11
53.46
53.81
54.24
54.08
53.7
53.74
54.01
53.48
54.08
53.89
54.16
54.87
54.46
54.46
54.54
54.39
54.62
55.09
54.86
54.63
54.83
54.77
55.23
55.11
54.69
54.7
55.24
54.95
54.94
54.68
55.52
55.55
56.09
55.32
55.18
55.15
55.15
55.3
55.18
54.63
55.24
55.55
55.44
55.61
55.45
55.23
55.3
55.2
55.79
55.82
55.65
55.65
56.02
55.59
55.99
55.6
55.42
55.41
56.03
55.72
55.59
55.3
55.55
55.53
55.57
55.84
55.86
55.85
55.84
55.71
56.12
56.15
56.05
55.64
55.97
56.1
55.81
55.76
56.16
55.99
55.95
56.14
56.38
55.87
56.09
55.22
55.82
55.78
55.55
55.41
55.64
55.16
55.52
55.72
55.27
55.32
55.66
55.38
55.78
55.44
56.05
55.94
56.09
55.36
55.47
55.59
55.46
55.7
55.77
55.99
55.8
56.25
55.86
56.07
55.83
56.14
55.6
55.85
55.75
55.42
55.33
55.36
55.65
55.7
55.65
55.58
55.78
55.49
55.54
55.96
55.94
56.07
56.26
56.17
55.59
55.94
55.9
55.7
56.0
55.57
55.66
55.72
55.85
55.62
55.68
55.64
55.85
55.48
55.68
56.31
55.97
55.95
56.04
55.88
56.0
55.78
56.07
55.76
56.03
55.83
55.88
56.06
55.55
55.65
55.8
55.5
55.65
55.77
56.01
55.57
55.48
55.59
55.42
55.55
55.3
55.59
55.45
55.19
55.18
55.38
55.75
55.46
55.4
55.86
55.56
55.6
55.09
55.51
55.48
55.59
55.45
55.34
55.43
55.52
55.75
55.44
55.94
55.65
55.11
55.43
55.46
55.48
55.49
55.63
55.39
55.05
55.03
55.09
55.29
55.56
55.06
55.0
55.42
55.0
55.3
55.31
55.3
55.31
54.97
55.26
55.02
55.03
54.99
54.93
55.42
55.06
55.19
54.95
55.1
55.01
55.31
55.18
55.0
55.19
55.47
55.24
55.34
55.11
55.11
55.48
55.47
55.13
55.5
55.63
55.6
55.68
55.04
54.97
54.96
55.42
55.48
55.35
54.97
55.13
54.82
54.73
55.01
55.19
55.49
55.07
55.32
55.46
55.15
55.1
54.74
55.21
