17.82
27.55
32.0
38.54
66.92
75.26
57.5
48.66
58.16
62.75
65.84
60.52
77.62
61.64
53.26
76.79
76.73
79.25
71.6
71.57
58.54
88.78
80.2
71.78
82.38
79.73
86.51
84.96
93.42
81.26
85.34
77.89
82.61
84.62
91.27
83.36
75.63
82.16
71.95
94.16
85.22
85.61
78.7
90.57
90.04
71.93
93.79
89.89
94.22
93.15
85.39
80.35
82.46
77.23
87.9
92.4
90.44
85.3
95.94
83.6
83.5
82.08
93.83
93.4
88.06
72.67
92.65
88.54
91.01
87.2
93.87
92.17
83.34
73.46
91.03
87.94
85.6
87.29
92.46
79.23
82.91
69.7
75.6
87.67
83.05
84.68
90.66
81.33
82.87
89.03
94.24
85.95
91.93
96.31
92.89
92.99
97.35
88.88
90.61
88.35
97.47
88.54
97.23
94.0
94.18
95.36
97.34
87.61
87.99
89.59
77.67
97.35
88.73
92.51
90.19
89.88
92.24
89.98
84.35
80.65
95.26
80.96
90.14
86.75
88.49
79.83
96.69
87.86
89.57
95.84
88.64
88.57
93.96
89.87
92.11
91.04
84.14
87.34
92.86
89.14
85.26
90.73
95.76
94.21
94.78
86.84
82.49
79.88
79.51
90.3
95.59
88.89
96.83
87.47
82.78
93.26
87.99
91.04
88.66
96.05
97.06
89.19
86.46
78.3
87.31
84.35
90.21
84.0
92.34
90.81
94.68
98.03
94.95
94.55
97.3
96.12
97.12
91.87
84.88
95.55
81.68
79.55
85.54
92.69
90.54
88.27
78.37
81.07
73.62
97.42
95.19
94.67
93.71
83.84
90.55
88.66
85.77
88.22
85.65
91.64
88.4
83.61
92.78
92.69
85.82
86.56
92.73
90.64
87.54
87.01
87.35
95.55
87.99
82.06
91.36
84.14
91.42
91.14
91.82
87.03
85.75
86.59
86.72
91.59
91.63
75.71
82.51
90.25
89.33
83.57
94.54
90.37
83.05
97.09
95.04
96.27
93.2
92.19
93.55
85.22
68.85
88.06
95.6
95.97
94.51
86.61
90.51
90.07
96.15
84.11
85.42
86.74
83.77
89.71
84.77
91.42
96.25
95.13
92.01
93.3
92.25
96.0
96.76
85.52
94.0
89.66
96.76
94.83
95.86
94.99
90.3
96.79
95.78
95.34
95.51
87.65
93.75
84.75
94.59
88.86
70.91
94.44
95.58
96.93
88.86
91.33
91.33
94.24
88.05
90.89
95.95
96.16
86.82
95.77
86.23
92.88
82.06
89.59
95.33
92.34
