4.724594819641113
3.3258489402770994
2.53783639793396
2.2393356384277343
1.3795179336547851
0.9441071745872498
1.7332502788543702
2.252793342208862
1.3877499166488647
1.3869505643844604
1.1171341995239257
1.8226561023712158
0.6842768707752228
1.4652348403930664
2.481713511657715
0.7666470503807068
0.9241405644416809
0.6946044466018677
1.0048334720611571
1.1473579066276551
2.134386332321167
0.3533054605960846
0.5504104234695435
1.4712412450790406
0.6436118665695191
0.5720079823493958
0.45013906738758086
0.45619468111991884
0.20624637493789197
0.5542917381763458
0.4980056573390961
0.7982175989151001
0.5170863481521606
0.4248032469749451
0.24311107802391052
0.695403870010376
0.7852913609504699
0.6367436121463775
1.20717979221344
0.18734335069060326
0.4585367299079895
0.6863752158164979
1.1569554378509521
0.2939457776784897
0.3169959710597992
0.8615263600349427
0.17719639002084733
0.3689840033531189
0.16532089605033398
0.20432501903772354
0.39482601885795593
0.5482886044502259
1.2633343446731566
0.9678537040710449
0.4379453874588013
0.21350682755708694
0.30424188188910484
0.46045589256286623
0.1361887752145529
0.5093138556480408
0.8442914652824401
0.8005705161094665
0.19955195652246474
0.19965438374876976
0.37837098264694213
1.1989111738204956
0.22692415393590928
0.4240485068321228
0.30597353370189667
0.3704284377098083
0.21913348484039308
0.2639474228620529
0.6961339929580689
1.0347988596916198
0.25980413932800295
0.38625334677696227
0.43497457447052
0.3773733483314514
0.21833097133636475
0.8226157616615295
0.7734535013198852
1.3391728509902954
1.0089736503601074
0.5155869956016541
0.6086754433631897
0.4992048898696899
0.30107012181282045
0.7410639809608459
0.5812153151512146
0.4083996254205704
0.15817650802135466
0.5135309412479401
0.23356376411914825
0.11894020425081253
0.20134386858940123
0.2539337357521057
0.08021180976927281
0.48561089434623717
0.30463577885627746
0.41556900091171267
0.07611532253473997
0.33631084494590757
0.08656827163100243
0.1941305477976799
0.1807767352938652
0.14555666649341584
0.08263038540184497
0.4122639260292053
0.49516167216300966
0.3469984325170517
0.9910093110084534
0.08019042442739009
0.4240915169239044
0.23376645052433015
0.3425435669660568
0.31410048286914827
0.22425794739723207
0.31354066202640535
0.5033086404800415
0.8868555717468262
0.14170531430244446
0.9625311815261841
0.3138403561115265
0.5330660123825073
0.40745321464538575
0.7481246054649353
0.11264864428713918
0.391088822889328
0.30880310196876526
0.11605809135288
0.4392661310195923
0.5385390623092652
0.18344787477254867
0.3104879171848297
0.2518062243938446
0.3076700493335724
0.7814406951904297
0.587957801437378
0.20504452645778656
0.3335948949813843
0.784108371925354
0.39920043568611147
0.12451924505829812
0.17476402444839478
0.17092808272838592
0.4456554723739624
0.5592880918025971
1.1168797786712648
0.9272763679504394
0.3030681538105011
0.13449826804995538
0.3299862952232361
0.09078735210858285
0.5278112768173218
1.0729669445037842
0.20897761936187745
0.3993404136657715
0.30339644124507903
0.4154020025253296
0.1291873670399189
0.09339800106212497
0.3426383425712585
0.5884042901992798
0.9359511206626893
0.5654591654777527
0.6937320675849915
0.36229361979961394
0.9508174503326416
0.23566805078983308
0.2827627735137939
0.15771486582756042
0.060914269765466454
0.16515941345691681
0.16863640335202218
0.08789403287768364
0.12609452690035106
0.08768348882198333
0.26568769739866255
0.6781587714195252
0.13358543617129326
0.5900655117988587
1.1009955290794373
0.5530241777420044
0.21196906900405885
0.33920074558258057
0.41012559695243833
0.8493632341384888
0.7722215818405151
1.2804072034835816
0.07820441551432014
0.13572883495092392
0.15768439853191377
0.2067855725646019
0.4822355413913727
0.3256828370332718
0.33190449466705324
0.4444137629032135
0.4034975476026535
0.4432054208755493
0.26086363496780396
0.3266474999904633
0.5397304580688477
0.2628564662694931
0.22067927738130091
0.5191063842773438
0.5804024641036988
0.19829180698394774
0.24724128165245057
0.37671934995651246
0.4801583532333374
0.4772534168243408
0.16169704620689154
0.39710344190597535
0.6450460229873657
0.30505615656673907
0.8937489385604859
0.27897501938939095
0.28975603711009024
0.2486700460910797
0.4513117476463318
0.5464754629611969
0.44395450654029844
0.47669153785705565
0.28363102247714994
0.30172714643478393
1.2934633962631226
0.6452902751922608
0.2749138783931732
0.34622341871261597
0.719994302558899
0.17528069361150264
0.2921420863628387
0.6730431028366088
0.09182576824389398
0.1634838325828314
0.11619426122307777
0.22170364232063294
0.21909999067783356
0.209324956959486
0.9890678749084473
1.641584044265747
0.5523174550056458
0.13823410749733447
0.1201588258087635
0.19437858585715295
0.4500942301750183
0.29689317185878755
0.44501028780937196
0.12361825899779796
0.5657303378105164
0.6782039622306824
0.6188748447418213
0.555000919675827
0.3055427567005157
0.6765679931640625
0.3688059692621231
0.11834487791731954
0.14456708003133537
0.2510734292089939
0.21734186716079712
0.24055335891246796
0.11844617119729518
0.09853700268268585
0.5045875553131104
0.20750046253204346
0.33120784133672715
0.10025825535207987
0.16521426385641097
0.1299986459136009
0.157318263438344
0.38636224563121796
0.10085055429264903
0.13698704876601697
0.1513735805928707
0.1426386132121086
0.37713530769348147
0.18822013602256774
0.5120407225608826
0.1686246343612671
0.4368381943225861
1.3628330825805663
0.1844308925420046
0.13639372668862343
0.08959961949549615
0.39821741790771487
0.29233022725582125
0.28068796070814134
0.17736628777012228
0.37772368326187133
0.3963529487133026
0.12411118650138378
0.1312821387320757
0.5669117493391037
0.13529649913161992
0.6026188380241394
0.22279206634759902
0.7641611187934876
0.49714286069869995
0.14726585713922977
0.28452977249622347
