0.28324389712810516
0.15605782771110535
0.12323414326906204
0.10493347591683269
0.10338592812521383
0.09155143525516614
0.09864302939014742
0.0879440110590309
0.08126644980200218
0.07964710822133056
0.07732604211860453
0.08199540967045177
0.07699287336990673
0.0755368897508466
0.06979894851518911
0.0723734311354885
0.06749068325439002
0.06703419465097249
0.0654135682533306
0.06454675142322594
0.06676582524594324
0.06488317019366514
0.06108250055961762
0.06351661116637115
0.061274147326530144
0.06333936440614525
0.06081489767102175
0.06314859692741738
0.06029313245619742
0.058961225350569656
0.061212073851457355
0.06006189300877613
0.05689723466476899
0.05789398449796518
0.06235238911716315
0.056733371829588305
0.05810639393787851
0.054273067648613324
0.05627272505415549
0.05309607662159242
0.05880799413838683
0.05547553194030234
0.05246060949401035
0.05361847794364794
0.05429358207962573
0.05404691899757513
0.053568561576015694
0.05073683944306012
0.05056281697082777
0.05000232530021458
0.05156296805461152
0.04837185169553541
0.04985776545897561
0.048594019782201486
0.048722497109417236
0.04986019742354865
0.051210361971873314
0.0516989017682185
0.04991300065946043
0.04677564658693172
0.047859501639098925
0.046043753452705866
0.04702609487258292
0.046420240052642066
0.04704144795608431
0.04586634496594861
0.05030836767308724
0.0474785393304752
0.04478595557605922
0.044821684875243545
0.04574366151348438
0.04668808009604577
0.049056943218138534
0.04899128555559446
0.04625360680441663
0.04642840055389061
0.04468347356592185
0.04744866182139658
0.0466264845172625
0.04631456234621708
0.04557897139637639
0.04434385718206827
0.04656061692516084
0.04354192281449082
0.045903148064507196
0.04747553096118948
0.04732591644716454
0.04596073209085657
0.04456202192969017
0.04587955485659452
0.04684686699813274
0.04683751768112602
0.04357543069322379
0.043012557562456866
0.04312097603701002
0.04386412932567007
0.04118829808707605
0.04243187397256752
0.04310932849081582
0.04327788484218527
0.04428777161692224
0.043933990063846795
0.04379703627887318
0.045517437385605805
0.0465012306845053
0.046122926867561864
0.04412480120121939
0.04451397039047852
0.0434356856433561
0.04534783243101174
0.0431006996083501
0.04501568602147763
0.0426639276906546
0.04250363810092599
0.04388371731238321
0.04380595473589596
0.044563505811911
0.04157038156266517
0.044540303626090336
0.04244104188978774
0.04559245691179631
0.04483971037618869
0.042938895208976056
0.042933457428913
0.04604242827999246
0.042414490397833605
0.04214144566357427
0.042489013481373857
0.04175586830291777
0.04379910502790583
0.041927629915268105
0.039835520675879026
0.04253345782794668
0.040371268932360066
0.04167662260799143
0.04370422811823934
0.043768750163998754
0.04423533561994423
0.04335011674209409
0.042714378935711464
0.04107287877283252
0.043731244074533195
0.04314112537983124
0.0456037440558498
0.04439408370362762
0.042643139006932416
0.044210463268582495
0.044366622255986386
0.04513672888896263
0.0432592282573587
0.04234133265583277
0.04238294613350554
0.04422442797574422
0.04354045790256241
0.04400099690843872
0.042552623033665075
0.042759878054857654
0.044366460502502696
0.043831154633970394
0.044299380160170994
0.0459114905586119
0.04385562503319388
0.04298078815914596
0.04355159842711064
0.041462331260294374
0.04229266973003041
0.04171407918898969
0.043179084598479946
0.04357384937293823
0.04301392177680927
0.042483178007222365
0.04395764622395791
0.04495961154501251
0.04392838500293633
0.045139279907809006
0.04477713349148348
0.042360656913008644
0.04439643540948968
0.04310916493161292
0.04389531081893924
0.0437551243400012
0.0430551437562091
0.043395831135045276
0.04335241155322296
0.046070277895132815
0.04344446572325594
0.04224845003680235
0.04504660810167652
0.04342988066403968
0.04244361018176278
0.044243855243930284
0.04376735023484402
0.04223634900909474
0.04281170328147755
0.042038117514195526
0.04146382134725609
0.04215168877349979
0.04220387684510688
0.04174137515236925
0.041591966542159756
0.040616746586718364
0.04102282120274203
0.04127265730813842
0.044508216870350545
0.044278618663153364
0.041976297208791494
0.044442234618970906
0.04354843164376755
0.0443953072795219
0.04464072548197328
0.04563898091641013
0.04425189020011692
0.04305992827131224
0.04190122532378107
0.04320568889409865
0.041709083280888445
0.0411490744035651
0.043103447235993284
0.044040167034334034
0.04598135702552027
0.044868018720971396
0.044694112158881354
0.0449368668129765
0.04712454905354309
0.046706962789281964
0.044431711732632766
0.04257143034379947
0.04236873941747935
0.04440505252583657
0.04343436001720038
0.04383104806460208
0.044131694319572944
0.04392792213536956
0.043053214211042634
0.04491889662086005
0.04322855196272867
0.04376156017534686
0.04282012123589966
0.042403248922291324
0.04393379579699522
0.0459153405655813
0.04378908404193567
0.043522306929126356
0.04151603820949549
0.04208747513327662
0.041943117592515775
0.041645092242525016
0.04104735951875636
0.0443950145594009
0.04517077520088221
0.04309802328907763
0.043893197586777975
0.04125805791363464
0.04341090085721737
0.04230334386898826
0.04250232254802045
0.04341325585791719
0.04328516851707646
0.04591600327893343
0.045298649381892986
0.04406987803820192
0.04059953091842426
0.04360007224934607
0.04340940878566694
0.04207245060649984
0.038023378841942304
0.04220851910808501
0.040342163312666796
0.04083786689037543
0.042761124344072414
0.042734013507075314
0.04217831767664525
0.04268470513241562
0.044075106863478666
0.04328191681072158
0.047422697426489774
0.045222265574372776
0.04167569265692855
0.044027323773271926
0.04366500812634158
0.04271653295670967
0.046208350541541134
0.04285213566664279
0.04315590057419113
0.04273077870594616
0.0428430181436549
0.04241635798401398
0.04047432668250226
0.04390656002543249
0.04242942296937613
0.042406969507276245
0.042034343307060226
0.04360487314518914
0.0410005842126353
0.0430191790709001
0.04393500243175931
0.042552714237855706
0.04216071382933669
0.04397284455206677
0.04275228974544661
