2.154390453720093
1.636228907585144
0.9500634481430054
0.6396758978366852
0.5023115448951722
0.4138203893661499
0.35967093272209166
0.32283859701156614
0.28490286403894427
0.26664264928102493
0.2467172488808632
0.22939739338755608
0.2154440612912178
0.20431025761961938
0.19503868915438652
0.18700341520905495
0.17887821505069731
0.1739782998740673
0.16885953493416309
0.16256321454048156
0.15755639315247535
0.15243753830492496
0.1457835681349039
0.1444244345754385
0.14018508456349374
0.13742172519266604
0.1334935975149274
0.13142093281596898
0.12950635958239437
0.12640699961185456
0.12567772204577923
0.12303495920225978
0.11895761885046958
0.11822649728357792
0.11558581401482225
0.1134833116479218
0.11138834502473474
0.11147246264070272
0.10854471016526222
0.1087584081478417
0.10598061139844359
0.10518105573505163
0.1029501772787422
0.10261808373071253
0.10119215743280947
0.10006573794148862
0.09994510667994619
0.09880731853097677
0.09690043369196355
0.09554486548565329
0.095391420083493
0.09450653153434396
0.09340608742218465
0.09308529814034701
0.09100839531645179
0.09038438614755868
0.08964625016525388
0.08912306039184333
0.0871437079006806
0.08788361493051051
0.08680422631781548
0.08710407172404229
0.08631888105683029
0.08464176409412176
0.08440003763474524
0.08342370253540575
0.08268800947777927
0.08176312711117789
0.0813291132661514
0.08074573364397511
0.08020870862808079
0.07922649318315089
0.07793968162443489
0.07901223166780547
0.078719229064323
0.07829889073474333
0.07753621354736388
0.07692153434855864
0.0754221621517092
0.07567872040849179
0.0753103309141472
0.07443661767635494
0.07335283507164568
0.0729405390277505
0.07187513697659596
0.07324070514249616
0.07434442579653114
0.07363386268755422
0.0720801365991123
0.07134956168970093
0.0705946936646942
0.07106644438598304
0.07083354669604451
0.0698900173897855
0.06907734981421382
0.06869233539458364
0.06866167974844575
0.06782735937102698
0.06719386356975883
0.0681854369994253
0.06964060335392132
0.06628428894905374
0.06762756401323713
0.06628443253454752
0.06522109767459333
0.06574986528381706
0.06625280746696517
0.06519132783869282
0.06457643130207434
0.06538372684612405
0.06460032794959843
0.06435963784377091
0.06385290370772127
0.06297849533553235
0.06363272137478926
0.06335761314816774
0.06285478047593497
0.06230708280522376
0.06240151525936089
0.06108433227161877
0.06123423717906699
0.06041018180581741
0.06204054305832833
0.06074378562767524
0.06149956332810689
0.06075018601896009
0.05991001849866007
0.06048559451631736
0.05972305710606743
0.05858704490889795
0.05866267230452504
0.059478178793401455
0.0587161743008066
0.05834033153974451
0.05845337724974379
0.05822314204876311
0.05702881367332302
0.05799192859025207
0.057403837151662446
0.058092205586005
0.05886008642856032
0.057393180796829986
0.057615700881159866
0.056684794534300455
0.055818307812104465
0.05764698312826222
0.05698864429679234
0.05712974133577663
0.056306271129380914
0.057212366204848514
0.05670240650321357
0.05512408003363525
0.05569509956587572
0.05579136010907823
0.05522733550783014
0.055049971311725676
0.05439305385848275
0.05498450461605098
0.05430719435965875
0.05379945474198321
0.0541146087781759
0.05483821147587151
0.05395732639997732
0.053577232017158534
0.05346786856022663
0.05323987815188011
0.053077458203095014
0.05273393897605128
0.0530223158649751
0.053281758085766344
0.053346207011165096
0.052761006392980925
0.051917456758534535
0.05219210107224062
0.052191580292070286
0.05158259653830901
0.05199940262475284
0.05220827063092729
0.05190274611593922
0.05124714107338805
0.05202317761166487
0.051497310204512904
0.05095263188979588
0.05110321205483051
0.05198559247029479
0.05137683331095613
0.05131475712823449
0.05045306997456937
0.04970016198802041
0.05014138219555607
0.04971425050917314
0.05081276300374884
0.04991959188696928
0.04926832502244506
0.05027720827794401
0.050156624845345506
0.049795239474391566
0.04924983021907974
0.048787823432439474
0.04910466922665946
0.048947793219436424
0.05005542949977098
0.049454138393327594
0.049308076932129914
0.04868357220413745
0.04933059213714441
0.04842299343351042
0.04858039895154652
0.04752085725114448
0.04788316314200056
0.04866373628916335
0.04839946321261232
0.048454026156722105
0.04920469210955198
0.047783911409304713
0.049381834813463504
0.0485937430288468
0.048067676653212404
0.04769654329735204
0.047872115300758744
0.048531385916844014
0.04812903260965832
0.04701772250563372
0.047325752280687444
0.04760542791367625
0.047753617003397086
0.04789088952911552
0.04736403488721699
0.047245755395374726
0.04612155096799834
0.047268299734708856
0.04653717749381903
0.046234508765803185
0.04644518843027763
0.046692298944562206
0.046440696337935516
0.0461487663079286
0.04620652925538598
0.04516810623035999
0.045706823147356045
0.044834170730318874
0.04631719765417511
0.04540516676569241
0.04559356299491483
0.0449670401666197
0.04572069078871864
0.04550785720034037
0.04473265158346621
0.04421777718481608
0.04472545021661208
0.04450899002536898
0.04550523154287366
0.04592410866707796
0.045363576119136995
0.04470470409268746
0.04409947143951431
0.045639637072430926
0.045590009242884116
0.04602969175424659
0.04563242430965183
0.04428666962101124
0.04333640831997618
0.04297606809280114
0.04430642969275359
0.04391402669232339
0.04389420115527464
0.04342156000878895
0.044075781710038425
0.04308468720882083
0.0430157345567015
0.042684608439274595
0.0428203936744947
0.04333091623110813
0.0437558382364572
0.042754224066867026
0.042241935794823805
0.041415645403345115
0.042212594220635946
0.04291351502498146
0.042636742975981905
0.04336683036582544
0.04222481897850521
0.042099393446708565
0.04239541448417585
0.042049054575513584
0.042241909566684624
0.042680177256395106
0.041761142694810405
0.043267616121820174
0.04371094728109892
0.04300391404754482
0.043063812090992
0.04309250139173237
0.04252223973121727
0.042083391543105246
0.04173036622062791
0.04124289548046654
0.0402608925684006
0.04054142778306268
0.040835144584818045
