11.36
10.02
10.0
10.0
11.68
13.68
10.05
15.5
14.8
18.42
16.51
19.69
16.75
21.24
17.29
13.92
21.77
17.5
17.37
26.26
20.32
24.87
20.25
28.51
27.35
21.96
20.57
18.06
24.57
23.05
21.0
15.7
27.05
28.74
26.79
16.51
18.02
23.22
26.78
26.91
28.45
31.75
26.86
25.91
27.94
31.17
26.36
27.68
26.54
25.25
29.67
25.16
25.16
35.53
24.98
26.55
19.68
21.22
37.55
35.52
35.37
28.58
29.94
31.06
38.78
35.28
35.36
36.11
27.45
31.88
34.12
33.18
39.41
27.69
31.23
37.81
32.36
38.94
39.58
35.92
36.39
40.49
33.3
29.51
38.29
33.67
33.57
31.27
37.21
32.75
31.05
36.64
35.4
36.68
34.6
38.32
39.28
42.8
35.4
40.77
39.07
38.57
39.53
43.75
42.29
43.61
35.51
44.71
40.17
35.76
35.52
41.74
33.47
35.76
42.07
34.73
35.03
44.33
31.56
34.66
31.44
39.28
45.8
35.25
36.99
38.86
43.21
38.9
38.01
37.58
42.37
39.26
44.45
29.5
38.22
30.98
41.29
36.01
38.07
44.12
36.73
44.95
40.61
44.56
38.59
40.28
39.33
43.15
36.57
39.65
43.62
38.8
39.76
40.24
41.75
45.21
39.54
38.4
43.47
36.35
43.79
41.08
41.89
38.7
45.64
43.2
39.22
33.43
35.55
42.69
45.86
44.9
36.67
40.24
36.02
45.38
37.91
41.96
42.77
28.19
41.22
41.11
44.92
40.42
26.2
45.69
46.16
35.95
41.17
36.34
40.69
40.16
38.04
44.29
39.86
39.77
43.56
45.22
45.02
47.33
30.61
42.74
41.44
45.59
44.23
35.13
34.15
47.39
45.63
41.16
43.39
42.15
40.63
36.23
34.62
41.05
42.24
43.64
45.81
43.42
39.06
48.17
42.22
43.24
47.24
46.48
43.91
39.69
46.65
43.87
43.62
47.47
49.94
47.27
39.81
35.18
38.34
45.65
49.25
49.9
47.19
46.44
42.92
43.96
44.8
38.21
45.8
40.36
42.01
40.81
41.81
47.66
35.09
45.76
40.96
42.28
48.3
44.15
41.72
50.15
47.02
47.3
45.15
49.39
42.19
44.51
33.44
45.09
42.47
48.13
30.07
48.12
47.09
46.97
43.3
44.73
47.88
32.56
46.63
44.2
44.57
39.96
44.53
48.89
41.24
41.34
43.16
42.37
42.96
49.13
43.98
46.65
44.31
43.21
45.77
47.32
50.43
46.32
48.86
50.22
