2.4085143127441406
2.4009215225219727
2.3312999156951904
2.5668654666900634
2.388856999588013
2.4379261695861816
2.182235522842407
1.8867984746932984
2.164963809585571
1.8741454624176026
1.5705237257003783
1.5406850608825684
1.4389497104644775
1.2913284227371216
1.4560276866912842
1.3906586647033692
1.31387345161438
1.2208441173553466
1.151726868057251
1.3051353761672975
1.06058417634964
1.293991442489624
0.8292204211235047
0.7706034906387329
1.0667606828689575
1.2226867664337158
0.7911731120109559
0.7541761969566345
1.0538886336326598
0.895073851966858
0.843698945236206
0.8273751583099366
0.7131553312301636
0.9053806574821472
0.6235925500869751
0.5790466828346252
0.6185791004180908
0.8496726090431214
0.7635618940353394
0.6173759515762329
0.647301156425476
0.5684133061885833
0.6912579954147339
0.6486397078514099
0.7095568054199218
0.6380105463981628
0.5509436197280884
0.679260746049881
0.695604400253296
0.6009570697784424
0.5048852042198181
0.5636693215370179
0.543394221830368
0.6648100743293762
0.6101028034210205
0.6890572262763976
0.6052878357887268
0.5087527429103851
0.6937738828659058
0.6557670182228088
0.5879458983898163
0.7676873182296753
0.7691643244743347
0.8112388865470886
0.6099044930934906
0.5112732365608216
0.5815407157421112
0.4671463025093079
0.4674041769504547
0.4498461926460266
0.5562332582473755
0.4858913499832153
0.533328922367096
0.49617852482795716
0.5252379155158997
0.6389074188232422
0.40823920617103576
0.4824104667663574
0.4212115457057953
0.3887647752285004
0.40755256638526915
0.48521477699279786
0.6482578415870667
0.6089958168029785
0.41784455399513243
0.4647761187553406
0.49387055711746214
0.40403503255844114
0.5307683594703674
0.44090460681915283
0.39743211998939515
0.5201330442428589
0.567261701965332
0.4589822980880737
0.45135807824134827
0.4160151372432709
0.40759271960258486
0.45115953483581545
0.44001397190093994
0.4390840401172638
0.36508810000419617
0.4714836626052856
0.4702840042114258
0.4103862560272217
0.3792424024105072
0.5664485819816589
0.45028550543785095
0.3850313687324524
0.4198097553253174
0.3445538513660431
0.36575355124473574
0.45049211587905885
0.8405617435455323
0.5366287613868713
0.35071740765571596
0.31887081894874575
0.31266907768249513
0.3439232081890106
0.37959124784469606
0.6240891167640686
0.5094908146858216
0.38947359743118287
0.46285287408828735
0.4292158445358276
0.34788653769493105
0.45774014892578124
0.3916416920185089
0.4159236825466156
0.3092543095111847
0.47220575671195986
0.3889584177494049
0.39727411465644835
0.3685954921245575
0.35172695455551145
0.3689527075767517
0.3106265776634216
0.42306244654655456
0.6647133023262024
0.34004943222999573
0.3206921479225159
0.4326706456184387
0.42004774446487425
0.38403755350112917
0.32147874686717987
0.43355417881011965
0.37691756768226625
0.35414554505348206
0.29036633217334745
0.3549912271976471
0.4002206481933594
0.37942564697265624
0.42635120453834535
0.30512362890243533
0.47323441791534426
0.30454730520248413
0.3632543089389801
0.38314656887054444
0.2952239756822586
0.49175124197006226
0.33570712671279906
0.32494990711212157
0.30449470281600954
0.2913316711902618
0.6226986342430115
0.29824906339645385
0.27975560636520386
0.44777599334716794
0.33756870131492617
0.3719828953266144
0.27988065466880796
0.3315999447107315
0.35053386788368224
0.3556725627422333
0.3405866642475128
0.2882298926115036
0.27550322270393374
0.28517006154060365
0.3782329461097717
0.2712541984081268
0.2429952430486679
0.33907522192001344
0.39037184982299805
0.3274946021080017
0.26555549948215484
0.44027522668838504
0.5056995635986328
0.5608915284156799
0.35539268155097964
0.33735034503936767
0.38245113644599915
0.2675791878223419
0.4054216598510742
0.47199477281570434
0.28343635110855103
0.31397100212574003
0.34599231586456297
0.24205559940338134
0.23077680094242095
0.25284290680885313
0.24728391726017
0.23946434016227722
0.3425677474498749
0.25420086195468905
0.2997033361673355
0.35775820808410647
0.25866958763599396
0.5219226152420043
0.22902522970438002
0.321531240940094
0.2607093832731247
0.2825812488079071
0.28636466269493105
0.26007212347984315
0.30695084352493285
0.31290719628334046
0.42405251970291136
0.28862776358127595
0.26360530524253845
0.27700426449775695
0.22004597984552385
0.2523334447860718
0.2292060077548027
0.23235927546024324
0.27318718478679654
0.32071077539920806
0.2482219648361206
0.28269477179050445
0.32017105140686036
0.23984871853590012
0.22872895665168763
0.21998981568813325
0.27039703803062437
0.23648547325134278
0.2448237352371216
0.2658476377487183
0.23978240867853165
0.23157184138298034
0.2119527895450592
0.22515075327157974
0.22148020679950714
0.2486771094560623
0.2293152311682701
0.25653595652580263
0.21907938580513
0.217448765707016
0.24412436788082123
0.2266282283306122
0.21568963173627853
0.22908330183029174
0.20288130576610566
0.2148111159324646
0.25211781177520753
0.2365428617954254
0.23222612912654877
0.23249774100780488
0.21940991866588594
0.19238121900558472
0.2792538893699646
0.20530150829553603
0.19322496151924134
0.18680547196865083
0.2598028221607208
0.25139452345371244
0.31882991650104525
0.20275893782377244
0.19253921757936476
0.24249722847938537
0.23242861399650575
0.314034517621994
0.24305772356987
0.22442156199216842
0.2207685459971428
0.20332520656585693
0.26717483184337615
0.23772626235485078
0.260837469124794
0.2787570026278496
0.39557572617530823
0.23926460610628128
0.21641855459213258
0.18792848353385924
0.21700892795324325
0.2683727275848389
0.2017264510512352
0.2806080985546112
0.1933808711528778
0.23991793732643127
0.21364665406942368
0.17216049790382384
0.21667434478998185
0.2318401364326477
0.19299382804632187
0.2429560351371765
0.21071303355693818
0.18890568194389343
0.1906616052031517
0.20169978802204133
0.20816579402685165
0.2460789039850235
0.2663396638870239
