50.46
63.05
76.75
82.73
85.93
87.98
89.55
90.61
91.74
92.21
92.67
93.17
93.4
93.79
93.93
94.21
94.57
94.72
94.86
94.98
95.15
95.36
95.45
95.42
95.59
95.8
95.82
95.95
96.0
96.01
96.11
96.2
96.27
96.3
96.42
96.43
96.44
96.6
96.63
96.58
96.71
96.8
96.77
96.88
96.82
96.88
96.83
96.97
96.95
97.0
96.95
97.03
97.09
97.08
97.12
97.19
97.16
97.2
97.16
97.2
97.27
97.27
97.37
97.42
97.4
97.45
97.44
97.42
97.45
97.46
97.49
97.54
97.59
97.58
97.5
97.57
97.6
97.63
97.71
97.67
97.7
97.7
97.73
97.75
97.8
97.79
97.72
97.73
97.77
97.77
97.8
97.8
97.81
97.81
97.85
97.86
97.86
97.91
97.95
97.97
97.83
97.89
97.91
97.99
98.01
97.91
97.96
97.97
98.0
98.02
98.08
98.0
98.03
98.1
98.06
98.07
98.08
98.06
98.12
98.19
98.12
98.2
98.18
98.06
98.13
98.19
98.22
98.17
98.19
98.21
98.19
98.11
98.16
98.19
98.16
98.2
98.28
98.25
98.24
98.17
98.13
98.28
98.22
98.27
98.28
98.27
98.34
98.31
98.25
98.23
98.22
98.27
98.27
98.26
98.24
98.35
98.29
98.31
98.31
98.41
98.35
98.37
98.37
98.34
98.37
98.36
98.37
98.4
98.44
98.46
98.4
98.35
98.41
98.43
98.4
98.36
98.37
98.4
98.36
98.4
98.4
98.41
98.47
98.39
98.4
98.4
98.44
98.39
98.5
98.45
98.51
98.41
98.46
98.49
98.5
98.47
98.47
98.51
98.51
98.5
98.45
98.46
98.51
98.45
98.44
98.42
98.54
98.5
98.54
98.53
98.54
98.53
98.54
98.54
98.49
98.48
98.41
98.54
98.5
98.5
98.54
98.46
98.5
98.59
98.53
98.54
98.5
98.53
98.48
98.49
98.44
98.49
98.59
98.57
98.55
98.59
98.6
98.59
98.66
98.56
98.56
98.62
98.58
98.54
98.53
98.57
98.53
98.59
98.63
98.53
98.59
98.54
98.51
98.52
98.57
98.53
98.5
98.55
98.53
98.51
98.54
98.6
98.62
98.6
98.63
98.58
98.64
98.59
98.58
98.65
98.66
98.67
98.63
98.66
98.7
98.65
98.69
98.66
98.6
98.6
98.61
98.65
98.64
98.62
98.66
98.64
98.66
98.71
98.64
98.6
98.63
98.66
98.61
98.62
98.65
98.65
98.66
98.74
98.64
98.71
