2.3039157810211184
2.3029434482574462
2.301805429840088
2.3007478340148926
2.2996565227508543
2.2982542152404783
2.296536582946777
2.2939015045166014
2.289645838546753
2.2830103675842284
2.2720584743499757
2.2511771408081054
2.216988204574585
2.1713063228607177
2.1118360610961915
2.051508352661133
2.005984832763672
1.9748320444107055
1.9475230215072632
1.922577110671997
1.9017352827072143
1.8780283065795897
1.873689287185669
1.8406046644210816
1.8249663839340209
1.8050068355560303
1.7869762723922729
1.7698656927108765
1.74890755443573
1.7309245813369751
1.7219594146728516
1.7139293252944947
1.6874782018661498
1.6889214946746827
1.6722041273117065
1.6805667922973633
1.647105884742737
1.6445282419204712
1.6334182649612428
1.6224127212524415
1.621006607246399
1.6170629041671754
1.6058793838500978
1.5903425249099732
1.585115368270874
1.572991240310669
1.5720251237869263
1.5605594366073607
1.5546168132781983
1.5559947732925414
1.5430206411361693
1.5365127458572387
1.5378916847229005
1.5300479417800903
1.520435510826111
1.5128347341537476
1.508258862876892
1.4992574874877929
1.4946663515090943
1.4930408952713012
1.4799563159942628
1.4767192136764526
1.4701203302383423
1.4686305553436279
1.4688276567459106
1.456047812652588
1.4561043264389038
1.4478827722549439
1.4401016040802002
1.4452799537658692
1.4364603950500487
1.433369836997986
1.4272766284942626
1.4219830921173096
1.4219957687377929
1.4200430498123169
1.4107624153137206
1.406475553703308
1.404152981376648
1.4057072093963623
1.3932248361587525
1.387797539138794
1.3865987245559692
1.3805301502227783
1.3762529649734496
1.371694055557251
1.3723079517364503
1.3673009206771851
1.3623005899429321
1.3610873168945312
1.356058547973633
1.3538272541046144
1.3537910793304444
1.340598752975464
1.3411142036437989
1.3395042554855348
1.3373817180633545
1.3402721128463746
1.3278154769897461
1.3259115161895751
1.3281231033325196
1.321261588859558
1.3198171924591064
1.3157948783874511
1.318297461605072
1.3117644691467285
1.3162538572311402
1.3035923877716065
1.30233162689209
1.3022851762771606
1.3023654432296754
1.2993853048324584
1.2926442178726196
1.291485058403015
1.2928138219833374
1.287051701927185
1.2914072818756104
1.2842877475738526
1.2747633878707885
1.2822680503845214
1.282803298187256
1.2774939323425294
1.282190320587158
1.2688636238098145
1.2668322050094605
1.2665410633087157
1.26365401802063
1.257121262550354
1.2551025136947631
1.2543537729263305
1.2608354623794555
1.2570762243270874
1.2542438289642335
1.2483316904067994
1.2508327060699462
1.2493038368225098
1.240276170539856
1.2353266796112061
1.242704892539978
1.235940110206604
1.2385388679504394
1.2321727529525757
1.2296943098068238
1.2298939950942993
1.2254131967544555
1.2199671306610107
1.2243198335647583
1.2232424591064452
1.21912325630188
1.230311371421814
1.225087540245056
1.2146089866638183
1.2109871191024781
1.2095229553222657
1.2053509992599487
1.2080736530303955
1.2058965885162354
1.2110626697540283
1.2087438135147095
1.198674083328247
1.201011669921875
1.2071483491897583
1.2043359279632568
1.2046770977020265
1.2008836688995361
1.20369340133667
1.2001467390060425
1.1929115362167357
1.196420015144348
1.1930341915130616
1.1839911359786988
1.188189824295044
1.1854695205688477
1.1817200284957885
1.1811378784179687
1.1929165357589722
1.178033679008484
1.1730275926589966
1.1762517330169677
1.1843574857711792
1.1807282396316527
1.1733264602661133
1.1779294708251953
1.1663471605300904
1.1689842445373535
1.1701654930114747
1.1702320547103882
1.1698221364974977
1.1677874555587768
1.1669984182357789
1.164696336364746
1.1670304121017456
1.157431121635437
1.1629127294540405
1.1560305883407593
1.1592155618667603
1.1549148818016053
1.154927655982971
1.1543711935043335
1.1644552654266358
1.1564040203094483
1.1513167430877687
1.1591154320716859
1.152750155735016
1.157488157081604
1.160625848197937
1.147291058921814
1.1496647639274598
1.1488976108551026
1.1479513236999512
1.1403248551368714
1.1439327583312988
1.143467547416687
1.1473680941581725
1.145647777748108
1.1396507129669189
1.1418057794570924
1.1459322372436525
1.1338810395240784
1.137474228668213
1.1342498727798462
1.1376603441238404
1.1348238275527953
1.131138330078125
1.1364476110458375
1.1315704157829285
1.131544994544983
1.1300991445541382
1.1380858694076539
1.1266797882080077
1.129120141506195
1.1270106649398803
1.13250787858963
1.1250624976158141
1.1260694191932679
1.1249240384101868
1.1211942825317383
1.122976690673828
1.1267729905128478
1.1216819981575012
1.1290462533950805
1.122327758693695
1.1158782730102539
1.1160324011802674
1.1141230962753297
1.1153586016654968
1.1154848660469054
1.1158453535079955
1.113550111579895
1.1199102383613586
1.1102896861076355
1.1131283977508546
1.1194100736618042
1.1096462369918823
1.1172157779693603
1.109201173210144
1.1099245220184326
1.1073538681983948
1.1078020212173463
1.1111435351371766
1.106200365638733
1.1090292981147767
1.107573844432831
1.1091764271736144
1.1062236135482788
1.1065445859909058
1.1056388792037963
1.1002384733200072
1.1001806265830993
1.098580469226837
1.0994240032196045
1.1079765545845033
1.1041260168075562
1.102534139919281
1.1054543270111084
1.0979435884475708
1.101667248249054
1.102097975921631
1.0995823362350463
1.0984302227973939
1.1052092267990112
1.0957507030487061
1.0939464849472047
1.0987547898292542
1.1043792050361634
1.097705940246582
1.1055879906654358
1.1059053879737855
1.0963857973098754
1.0897636949539184
1.089519946193695
1.0919894426345824
1.0887680936813355
1.0917457251548768
1.092099339866638
1.0988991836547852
1.0909158479690553
1.0881491285324096
1.0980939276695252
1.0940069170951843
